0.45 7758 88.0795
1.35 8079 89.8833
2.25 7828 88.476
3.15 7867 88.6961
4.05 7833 88.5042
4.95 7631 87.3556
5.85 7799 88.3119
6.75 7834 88.5099
7.65 7574 87.0287
8.55 7706 87.7838
9.45 7564 86.9713
10.35 7589 87.1149
11.25 7662 87.5329
12.15 7510 86.6603
13.05 7582 87.0747
13.95 7597 87.1608
14.85 7396 86
15.75 7495 86.5737
16.65 7452 86.325
17.55 7573 87.023
18.45 7518 86.7064
19.35 7430 86.1974
20.25 7520 86.7179
21.15 7393 85.9826
22.05 7445 86.2844
22.95 7397 86.0058
23.85 7434 86.2206
24.75 7469 86.4234
25.65 7387 85.9477
26.55 7318 85.5453
27.45 7365 85.8196
28.35 7247 85.1293
29.25 7377 85.8895
30.15 7298 85.4283
31.05 7587 87.1034
31.95 7266 85.2408
32.85 6985 83.5763
33.75 7171 84.6818
34.65 7173 84.6936
35.55 7226 85.0059
36.45 7133 84.4571
37.35 7020 83.7854
38.25 7031 83.8511
39.15 7213 84.9294
40.05 7240 85.0882
40.95 7052 83.9762
41.85 7043 83.9226
42.75 7065 84.0536
43.65 7253 85.1645
44.55 7118 84.3682
45.45 7041 83.9107
46.35 7041 83.9107
47.25 7030 83.8451
48.15 7043 83.9226
49.05 7013 83.7437
49.95 6971 83.4925
50.85 7068 84.0714
51.75 7193 84.8116
52.65 7089 84.1962
53.55 7077 84.1249
54.45 6931 83.2526
55.35 6970 83.4865
56.25 6931 83.2526
57.15 6902 83.0783
58.05 6922 83.1986
58.95 6945 83.3367
59.85 6963 83.4446
60.75 6895 83.0361
61.65 6934 83.2706
62.55 7034 83.8689
63.45 6878 82.9337
64.35 7038 83.8928
65.25 6926 83.2226
66.15 6873 82.9036
67.05 7005 83.6959
67.95 6963 83.4446
68.85 6973 83.5045
69.75 6976 83.5225
70.65 7007 83.7078
71.55 6937 83.2887
72.45 6880 82.9458
73.35 6863 82.8432
74.25 6995 83.6361
75.15 6843 82.7224
76.05 6831 82.6499
76.95 6886 82.9819
77.85 7022 83.7974
78.75 7055 83.994
79.65 6725 82.0061
80.55 6880 82.9458
81.45 6791 82.4075
82.35 6983 83.5643
83.25 6929 83.2406
84.15 6970 83.4865
85.05 6862 82.8372
85.95 6939 83.3007
86.85 6714 81.939
87.75 6678 81.719
88.65 6927 83.2286
89.55 6692 81.8046
90.45 6594 81.2034
91.35 6640 81.4862
92.25 6726 82.0122
93.15 6604 81.265
94.05 6581 81.1234
94.95 6474 80.4612
95.85 6561 81
96.75 6566 81.0309
97.65 6563 81.0123
98.55 6597 81.2219
99.45 6556 80.9691
100.35 6600 81.2404
101.25 6376 79.8499
102.15 6573 81.074
103.05 6519 80.7403
103.95 6474 80.4612
104.85 6522 80.7589
105.75 6575 81.0864
106.65 6422 80.1374
107.55 6361 79.7559
108.45 6458 80.3617
109.35 6494 80.5854
110.25 6469 80.4301
111.15 6482 80.5109
112.05 6303 79.3914
112.95 6314 79.4607
113.85 6495 80.5916
114.75 6302 79.3851
115.65 6199 78.7337
116.55 6398 79.9875
117.45 6293 79.3284
118.35 6408 80.05
119.25 6167 78.5302
120.15 6129 78.2879
121.05 6368 79.7997
121.95 6315 79.467
122.85 6180 78.613
123.75 6178 78.6003
124.65 6208 78.7909
125.55 6163 78.5048
126.45 6266 79.1581
127.35 6287 79.2906
128.25 6131 78.3007
129.15 6216 78.8416
130.05 6191 78.6829
130.95 6100 78.1025
131.85 6167 78.5302
132.75 6118 78.2176
133.65 6127 78.2752
134.55 6029 77.6466
135.45 6022 77.6015
136.35 5932 77.0195
137.25 5897 76.7919
138.15 6143 78.3773
139.05 6020 77.5887
139.95 6079 77.9679
140.85 5967 77.2464
141.75 6093 78.0577
142.65 6019 77.5822
143.55 6090 78.0385
144.45 5972 77.2787
145.35 5999 77.4532
146.25 5962 77.214
147.15 5970 77.2658
148.05 6003 77.479
148.95 5878 76.6681
149.85 6009 77.5177
150.75 5979 77.324
151.65 6027 77.6338
152.55 6109 78.1601
153.45 5981 77.3369
154.35 5978 77.3175
155.25 5959 77.1946
156.15 5841 76.4264
157.05 5965 77.2334
157.95 5930 77.0065
158.85 5925 76.974
159.75 5968 77.2528
160.65 5876 76.6551
161.55 5793 76.1118
162.45 5844 76.4461
163.35 5754 75.8551
164.25 5907 76.857
165.15 5880 76.6812
166.05 5833 76.3741
166.95 5800 76.1577
167.85 5763 75.9144
168.75 5792 76.1052
169.65 5762 75.9078
170.55 5656 75.2064
171.45 5834 76.3806
172.35 5718 75.6175
173.25 5780 76.0263
174.15 5873 76.6355
175.05 5700 75.4983
175.95 5749 75.8222
176.85 5677 75.3459
177.75 5684 75.3923
178.65 5816 76.2627
179.55 5806 76.1971
180.45 5730 75.6968
181.35 5678 75.3525
182.25 5691 75.4387
183.15 5524 74.3236
184.05 5680 75.3658
184.95 5753 75.8485
185.85 5677 75.3459
186.75 5732 75.71
187.65 5591 74.773
188.55 5648 75.1532
189.45 5660 75.233
190.35 5593 74.7864
191.25 5613 74.92
192.15 5730 75.6968
193.05 5593 74.7864
193.95 5584 74.7262
194.85 5519 74.29
195.75 5753 75.8485
196.65 5681 75.3724
197.55 5626 75.0067
198.45 5658 75.2197
199.35 5700 75.4983
200.25 5655 75.1997
201.15 5665 75.2662
202.05 5507 74.2092
202.95 5733 75.7166
203.85 5598 74.8198
204.75 5520 74.2967
205.65 5545 74.4648
206.55 5571 74.6391
207.45 5477 74.0068
208.35 5679 75.3591
209.25 5543 74.4513
210.15 5507 74.2092
211.05 5529 74.3572
211.95 5401 73.4915
212.85 5540 74.4312
213.75 5522 74.3102
214.65 5480 74.027
215.55 5549 74.4916
216.45 5467 73.9392
217.35 5395 73.4507
218.25 5504 74.1889
219.15 5430 73.6885
220.05 5498 74.1485
220.95 5534 74.3909
221.85 5426 73.6614
222.75 5368 73.2666
223.65 5516 74.2698
224.55 5526 74.3371
225.45 5472 73.973
226.35 5406 73.5255
227.25 5423 73.641
228.15 5482 74.0405
229.05 5536 74.4043
229.95 5439 73.7496
230.85 5457 73.8715
231.75 5527 74.3438
232.65 5417 73.6003
233.55 5490 74.0945
234.45 5444 73.7835
235.35 5371 73.2871
236.25 5522 74.3102
237.15 5257 72.5052
238.05 5326 72.9794
238.95 5472 73.973
239.85 5423 73.641
240.75 5467 73.9392
241.65 5442 73.7699
242.55 5418 73.6071
243.45 5425 73.6546
244.35 5362 73.2257
245.25 5353 73.1642
246.15 5204 72.1388
247.05 5299 72.7942
247.95 5361 73.2189
248.85 5369 73.2735
249.75 5290 72.7324
250.65 5312 72.8835
251.55 5313 72.8903
252.45 5254 72.4845
253.35 5497 74.1418
254.25 5318 72.9246
255.15 5427 73.6682
256.05 5365 73.2462
256.95 5370 73.2803
257.85 5315 72.904
258.75 5236 72.3602
259.65 5187 72.0208
260.55 5295 72.7668
261.45 5183 71.9931
262.35 5199 72.1041
263.25 5148 71.7496
264.15 5079 71.2671
265.05 5137 71.6729
265.95 5212 72.1942
266.85 5125 71.5891
267.75 5322 72.952
268.65 5227 72.298
269.55 5189 72.0347
270.45 5293 72.753
271.35 5284 72.6911
272.25 5131 71.631
273.15 5204 72.1388
274.05 5194 72.0694
274.95 5047 71.0422
275.85 5163 71.854
276.75 5262 72.5396
277.65 5136 71.6659
278.55 5177 71.9514
279.45 5233 72.3395
280.35 5203 72.1318
281.25 5077 71.2531
282.15 5117 71.5332
283.05 5156 71.8053
283.95 5109 71.4773
284.85 5111 71.4913
285.75 5171 71.9097
286.65 5157 71.8123
287.55 5109 71.4773
288.45 5110 71.4843
289.35 5092 71.3583
290.25 5130 71.624
291.15 5153 71.7844
292.05 4978 70.5549
292.95 5197 72.0902
293.85 5039 70.9859
294.75 5200 72.111
295.65 5142 71.7077
296.55 5097 71.3933
297.45 5084 71.3022
298.35 5011 70.7884
299.25 5031 70.9295
300.15 5070 71.2039
301.05 4966 70.4699
301.95 5014 70.8096
302.85 5206 72.1526
303.75 5106 71.4563
304.65 5011 70.7884
305.55 5063 71.1548
306.45 4996 70.6824
307.35 5105 71.4493
308.25 4963 70.4486
309.15 5041 71
310.05 5072 71.218
310.95 4949 70.3491
311.85 4990 70.6399
312.75 5082 71.2881
313.65 5033 70.9436
314.55 4922 70.157
315.45 5045 71.0282
316.35 4968 70.484
317.25 4942 70.2994
318.15 4990 70.6399
319.05 5013 70.8025
319.95 4917 70.1213
320.85 4943 70.3065
321.75 4976 70.5408
322.65 4842 69.5845
323.55 4957 70.406
324.45 4907 70.05
325.35 5007 70.7602
326.25 4932 70.2282
327.15 4896 69.9714
328.05 5001 70.7177
328.95 4932 70.2282
329.85 4775 69.1014
330.75 4814 69.383
331.65 5065 71.1688
332.55 4867 69.7639
333.45 4920 70.1427
334.35 4859 69.7065
335.25 5020 70.852
336.15 4887 69.9071
337.05 4962 70.4415
337.95 4825 69.4622
338.85 4974 70.5266
339.75 5027 70.9013
340.65 4858 69.6994
341.55 4868 69.7711
342.45 4957 70.406
343.35 4917 70.1213
344.25 4896 69.9714
345.15 5007 70.7602
346.05 4696 68.5274
346.95 4994 70.6682
347.85 4862 69.728
348.75 4804 69.3109
349.65 4887 69.9071
350.55 5048 71.0493
351.45 4802 69.2965
352.35 4932 70.2282
353.25 4884 69.8856
354.15 4791 69.217
355.05 4846 69.6132
355.95 4860 69.7137
356.85 4867 69.7639
357.75 4837 69.5485
358.65 4839 69.5629
359.55 4818 69.4118
360.45 4913 70.0928
361.35 4796 69.2532
362.25 4895 69.9643
363.15 4730 68.775
364.05 4747 68.8985
364.95 4886 69.8999
365.85 4886 69.8999
366.75 4777 69.1158
367.65 4805 69.3181
368.55 4895 69.9643
369.45 4817 69.4046
370.35 4808 69.3397
371.25 4765 69.029
372.15 4821 69.4334
373.05 4878 69.8427
373.95 4791 69.217
374.85 4798 69.2676
375.75 4883 69.8785
376.65 4825 69.4622
377.55 4906 70.0428
378.45 4713 68.6513
379.35 4714 68.6586
380.25 4718 68.6877
381.15 4824 69.455
382.05 4903 70.0214
382.95 4773 69.0869
383.85 4827 69.4766
384.75 4755 68.9565
385.65 4879 69.8498
386.55 4948 70.342
387.45 4815 69.3902
388.35 4649 68.1836
389.25 4804 69.3109
390.15 4813 69.3758
391.05 4895 69.9643
391.95 4811 69.3614
392.85 4851 69.6491
393.75 4774 69.0941
394.65 4805 69.3181
395.55 4706 68.6003
396.45 4627 68.0221
397.35 4733 68.7968
398.25 4716 68.6731
399.15 4796 69.2532
400.05 4924 70.1712
400.95 4884 69.8856
401.85 4784 69.1665
402.75 4928 70.1997
403.65 4836 69.5414
404.55 4661 68.2715
405.45 4781 69.1448
406.35 4814 69.383
407.25 4787 69.1881
408.15 4849 69.6348
409.05 4902 70.0143
409.95 4689 68.4763
410.85 4788 69.1954
411.75 4859 69.7065
412.65 4761 69
413.55 4898 69.9857
414.45 4932 70.2282
415.35 4741 68.8549
416.25 4650 68.1909
417.15 4953 70.3776
418.05 4803 69.3037
418.95 4738 68.8331
419.85 4862 69.728
420.75 4857 69.6922
421.65 4804 69.3109
422.55 4685 68.4471
423.45 4813 69.3758
424.35 4742 68.8622
425.25 4670 68.3374
426.15 4957 70.406
427.05 4845 69.606
427.95 4841 69.5773
428.85 4790 69.2098
429.75 4819 69.419
430.65 4764 69.0217
431.55 4866 69.7567
432.45 4817 69.4046
433.35 4886 69.8999
434.25 4820 69.4262
435.15 4710 68.6294
436.05 4874 69.814
436.95 4876 69.8284
437.85 4888 69.9142
438.75 4831 69.5054
439.65 4741 68.8549
440.55 4722 68.7168
441.45 4880 69.857
442.35 4820 69.4262
443.25 4890 69.9285
444.15 4845 69.606
445.05 4828 69.4838
445.95 4985 70.6045
446.85 4794 69.2387
447.75 4841 69.5773
448.65 4853 69.6635
449.55 4849 69.6348
450.45 4858 69.6994
451.35 4859 69.7065
452.25 4768 69.0507
453.15 4776 69.1086
454.05 4903 70.0214
454.95 4751 68.9275
455.85 4966 70.4699
456.75 4985 70.6045
457.65 4890 69.9285
458.55 4923 70.1641
459.45 4892 69.9428
460.35 4899 69.9929
461.25 4944 70.3136
462.15 4835 69.5342
463.05 4775 69.1014
463.95 5012 70.7955
464.85 5003 70.7319
465.75 4984 70.5975
466.65 5033 70.9436
467.55 5000 70.7107
468.45 4909 70.0643
469.35 4930 70.214
470.25 5011 70.7884
471.15 4876 69.8284
472.05 4959 70.4202
472.95 4951 70.3633
473.85 5042 71.007
474.75 4948 70.342
475.65 5080 71.2741
476.55 4908 70.0571
477.45 5089 71.3372
478.35 4981 70.5762
479.25 5034 70.9507
480.15 4965 70.4628
481.05 4990 70.6399
481.95 5074 71.232
482.85 5116 71.5262
483.75 4990 70.6399
484.65 5110 71.4843
485.55 5026 70.8943
486.45 5094 71.3723
487.35 5062 71.1477
488.25 5049 71.0563
489.15 5283 72.6842
490.05 5221 72.2565
490.95 5164 71.861
491.85 5130 71.624
492.75 5249 72.45
493.65 5126 71.5961
494.55 5022 70.8661
495.45 5182 71.9861
496.35 5188 72.0278
497.25 5292 72.7461
498.15 5157 71.8123
499.05 5312 72.8835
499.95 5169 71.8958
500.85 5086 71.3162
501.75 5288 72.7186
502.65 5139 71.6868
503.55 5427 73.6682
504.45 5333 73.0274
505.35 5278 72.6498
506.25 5386 73.3894
507.15 5291 72.7393
508.05 5361 73.2189
508.95 5408 73.5391
509.85 5284 72.6911
510.75 5446 73.797
511.65 5349 73.1369
512.55 5256 72.4983
513.45 5391 73.4234
514.35 5431 73.6953
515.25 5291 72.7393
516.15 5392 73.4302
517.05 5457 73.8715
517.95 5423 73.641
518.85 5460 73.8918
519.75 5488 74.081
520.65 5528 74.3505
521.55 5613 74.92
522.45 5543 74.4513
523.35 5477 74.0068
524.25 5618 74.9533
525.15 5566 74.6056
526.05 5577 74.6793
526.95 5583 74.7195
527.85 5636 75.0733
528.75 5605 74.8665
529.65 5782 76.0395
530.55 5763 75.9144
531.45 5614 74.9266
532.35 5949 77.1298
533.25 5776 76
534.15 5706 75.5381
535.05 5774 75.9868
535.95 5879 76.6746
536.85 5931 77.013
537.75 5819 76.2824
538.65 5886 76.7203
539.55 5627 75.0133
540.45 6009 77.5177
541.35 5978 77.3175
542.25 5893 76.7659
543.15 6057 77.8267
544.05 6099 78.0961
544.95 6020 77.5887
545.85 6128 78.2815
546.75 6151 78.4283
547.65 6038 77.7046
548.55 6068 77.8974
549.45 6174 78.5748
550.35 6102 78.1153
551.25 6203 78.7591
552.15 6293 79.3284
553.05 6282 79.2591
553.95 6195 78.7083
554.85 6302 79.3851
555.75 6384 79.8999
556.65 6233 78.9494
557.55 6433 80.206
558.45 6323 79.5173
559.35 6366 79.7872
560.25 6539 80.8641
561.15 6453 80.3306
562.05 6432 80.1998
562.95 6608 81.2896
563.85 6621 81.3695
564.75 6699 81.8474
565.65 6502 80.635
566.55 6761 82.2253
567.45 6794 82.4257
568.35 6824 82.6075
569.25 6727 82.0183
570.15 6666 81.6456
571.05 6695 81.823
571.95 6968 83.4745
572.85 6812 82.5348
573.75 6938 83.2947
574.65 6992 83.6182
575.55 6926 83.2226
576.45 7001 83.672
577.35 6977 83.5284
578.25 7018 83.7735
579.15 7088 84.1903
580.05 7086 84.1784
580.95 6985 83.5763
581.85 7188 84.7821
582.75 7288 85.3698
583.65 7341 85.6796
584.55 7288 85.3698
585.45 7392 85.9767
586.35 7397 86.0058
587.25 7456 86.3481
588.15 7527 86.7583
589.05 7562 86.9598
589.95 7682 87.647
590.85 7703 87.7667
591.75 7717 87.8465
592.65 7660 87.5214
593.55 7801 88.3233
594.45 7942 89.1179
595.35 7835 88.5155
596.25 7915 88.9663
597.15 8083 89.9055
598.05 7992 89.398
598.95 8096 89.9778
599.85 8111 90.0611
600.75 8170 90.3881
601.65 8395 91.6242
602.55 8225 90.6918
603.45 8309 91.1537
604.35 8442 91.8804
605.25 8473 92.0489
606.15 8683 93.1826
607.05 8556 92.4986
607.95 8632 92.9086
608.85 8786 93.7337
609.75 8896 94.3186
610.65 8847 94.0585
611.55 8856 94.1063
612.45 8931 94.504
613.35 9190 95.8645
614.25 9189 95.8593
615.15 9047 95.1157
616.05 9217 96.0052
616.95 9296 96.4158
617.85 9483 97.3807
618.75 9285 96.3587
619.65 9655 98.2599
620.55 9602 97.9898
621.45 9725 98.6154
622.35 9660 98.2853
623.25 9627 98.1173
624.15 9510 97.5192
625.05 9730 98.6408
625.95 9890 99.4485
626.85 9875 99.373
627.75 9977 99.8849
628.65 10152 100.757
629.55 10078 100.389
630.45 9893 99.4636
631.35 9990 99.95
632.25 9793 98.9596
633.15 9615 98.0561
634.05 8895 94.3133
634.95 6850 82.7647
635.85 4031 63.4902
636.75 2726 52.2111
637.65 2383 48.816
638.55 2136 46.2169
639.45 2051 45.288
640.35 1889 43.4626
641.25 1746 41.7852
642.15 1718 41.4488
643.05 1580 39.7492
643.95 1557 39.4588
644.85 1590 39.8748
645.75 1550 39.37
646.65 1432 37.8418
647.55 1560 39.4968
648.45 1476 38.4187
649.35 1447 38.0395
650.25 1401 37.4299
651.15 1457 38.1707
652.05 1414 37.6032
652.95 1320 36.3318
653.85 1348 36.7151
654.75 1445 38.0132
655.65 1374 37.0675
656.55 1379 37.1349
657.45 1367 36.973
658.35 1344 36.6606
659.25 1291 35.9305
660.15 1318 36.3043
661.05 1299 36.0416
661.95 1300 36.0555
662.85 1278 35.7491
663.75 1290 35.9166
664.65 1261 35.5106
665.55 1279 35.7631
666.45 1247 35.3129
667.35 1270 35.6371
668.25 1206 34.7275
669.15 1190 34.4964
670.05 1194 34.5543
670.95 1241 35.2278
671.85 1154 33.9706
672.75 1208 34.7563
673.65 1203 34.6843
674.55 1135 33.6898
675.45 1206 34.7275
676.35 1175 34.2783
677.25 1131 33.6303
678.15 1102 33.1964
679.05 1152 33.9411
679.95 1161 34.0735
680.85 1223 34.9714
681.75 1154 33.9706
682.65 1128 33.5857
683.55 1118 33.4365
684.45 1143 33.8083
685.35 1112 33.3467
686.25 1149 33.8969
687.15 1150 33.9116
688.05 1215 34.8569
688.95 1129 33.6006
689.85 1049 32.3883
690.75 1055 32.4808
691.65 1071 32.7261
692.55 1130 33.6155
693.45 1056 32.4962
694.35 1106 33.2566
695.25 1130 33.6155
696.15 1063 32.6037
697.05 1079 32.8481
697.95 979 31.289
698.85 1060 32.5576
699.75 995 31.5436
700.65 967 31.0966
701.55 1003 31.6702
702.45 969 31.1288
703.35 997 31.5753
704.25 941 30.6757
705.15 867 29.4449
706.05 933 30.545
706.95 910 30.1662
707.85 849 29.1376
708.75 849 29.1376
709.65 860 29.3258
710.55 727 26.9629
711.45 742 27.2397
712.35 703 26.5141
713.25 664 25.7682
714.15 652 25.5343
715.05 567 23.8118
715.95 540 23.2379
716.85 508 22.5389
717.75 428 20.6882
718.65 397 19.9249
719.55 302 17.3781
720.45 261 16.1555
721.35 267 16.3401
722.25 236 15.3623
723.15 244 15.6205
724.05 243 15.5885
724.95 207 14.3875
725.85 208 14.4222
726.75 222 14.8997
727.65 195 13.9642
728.55 174 13.1909
729.45 182 13.4907
730.35 208 14.4222
731.25 162 12.7279
732.15 180 13.4164
733.05 173 13.1529
733.95 173 13.1529
734.85 145 12.0416
735.75 149 12.2066
736.65 143 11.9583
737.55 121 11
738.45 125 11.1803
739.35 142 11.9164
740.25 138 11.7473
741.15 117 10.8167
742.05 128 11.3137
742.95 112 10.583
743.85 124 11.1355
744.75 105 10.247
745.65 84 9.16515
746.55 82 9.05539
747.45 69 8.30662
748.35 58 7.61577
749.25 61 7.81025
750.15 40 6.32456
751.05 41 6.40312
751.95 35 5.91608
752.85 35 5.91608
753.75 29 5.38516
754.65 28 5.2915
755.55 24 4.89898
756.45 24 4.89898
757.35 18 4.24264
758.25 21 4.58258
759.15 21 4.58258
760.05 18 4.24264
760.95 13 3.60555
761.85 12 3.4641
762.75 18 4.24264
763.65 11 3.31662
764.55 10 3.16228
765.45 13 3.60555
766.35 10 3.16228
767.25 8 2.82843
768.15 5 2.23607
769.05 7 2.64575
769.95 2 1.41421
770.85 8 2.82843
771.75 5 2.23607
772.65 4 2
773.55 1 1
774.45 5 2.23607
775.35 4 2
776.25 2 1.41421
777.15 2 1.41421
778.05 2 1.41421
778.95 0 0
779.85 0 0
780.75 0 0
781.65 1 1
782.55 0 0
783.45 0 0
784.35 1 1
785.25 1 1
786.15 0 0
787.05 0 0
787.95 0 0
788.85 0 0
789.75 0 0
790.65 0 0
791.55 0 0
792.45 0 0
793.35 0 0
794.25 1 1
795.15 0 0
796.05 0 0
796.95 1 1
797.85 0 0
798.75 0 0
799.65 0 0
800.55 0 0
801.45 0 0
802.35 0 0
803.25 0 0
804.15 0 0
805.05 0 0
805.95 0 0
806.85 0 0
807.75 0 0
808.65 0 0
809.55 0 0
810.45 1 1
811.35 0 0
812.25 0 0
813.15 0 0
814.05 0 0
814.95 1 1
815.85 0 0
816.75 0 0
817.65 0 0
818.55 0 0
819.45 0 0
820.35 0 0
821.25 0 0
822.15 1 1
823.05 0 0
823.95 0 0
824.85 0 0
825.75 0 0
826.65 0 0
827.55 0 0
828.45 0 0
829.35 0 0
830.25 265 16.2788
831.15 0 0
832.05 0 0
832.95 0 0
833.85 0 0
834.75 0 0
835.65 0 0
836.55 0 0
837.45 0 0
838.35 0 0
839.25 0 0
840.15 0 0
841.05 0 0
841.95 0 0
842.85 0 0
843.75 0 0
844.65 0 0
845.55 0 0
846.45 0 0
847.35 0 0
848.25 0 0
849.15 0 0
850.05 0 0
850.95 0 0
851.85 0 0
852.75 0 0
853.65 0 0
854.55 0 0
855.45 0 0
856.35 0 0
857.25 0 0
858.15 0 0
859.05 0 0
859.95 0 0
860.85 0 0
861.75 0 0
862.65 0 0
863.55 0 0
864.45 0 0
865.35 0 0
866.25 0 0
867.15 0 0
868.05 0 0
868.95 0 0
869.85 0 0
870.75 0 0
871.65 0 0
872.55 0 0
873.45 0 0
874.35 0 0
875.25 0 0
876.15 0 0
877.05 0 0
877.95 0 0
878.85 0 0
879.75 0 0
880.65 0 0
881.55 0 0
882.45 0 0
883.35 0 0
884.25 0 0
885.15 0 0
886.05 0 0
886.95 0 0
887.85 0 0
888.75 0 0
889.65 0 0
890.55 0 0
891.45 0 0
892.35 0 0
893.25 0 0
894.15 0 0
895.05 0 0
895.95 0 0
896.85 0 0
897.75 0 0
898.65 0 0
899.55 0 0
