0.45 1575 39.6863
1.35 1654 40.6694
2.25 1685 41.0488
3.15 1726 41.5452
4.05 1670 40.8656
4.95 1654 40.6694
5.85 1649 40.6079
6.75 1594 39.9249
7.65 1617 40.2119
8.55 1625 40.3113
9.45 1611 40.1373
10.35 1603 40.0375
11.25 1577 39.7115
12.15 1604 40.05
13.05 1556 39.4462
13.95 1553 39.4081
14.85 1604 40.05
15.75 1549 39.3573
16.65 1422 37.7094
17.55 1523 39.0256
18.45 1493 38.6394
19.35 1568 39.598
20.25 1519 38.9744
21.15 1508 38.833
22.05 1479 38.4578
22.95 1556 39.4462
23.85 1421 37.6962
24.75 1406 37.4967
25.65 1427 37.7757
26.55 1423 37.7227
27.45 1424 37.7359
28.35 1455 38.1445
29.25 1387 37.2424
30.15 1359 36.8646
31.05 1347 36.7015
31.95 1384 37.2022
32.85 1390 37.2827
33.75 1358 36.8511
34.65 1332 36.4966
35.55 1342 36.6333
36.45 1413 37.5899
37.35 1314 36.2491
38.25 1310 36.1939
39.15 1339 36.5923
40.05 1313 36.2353
40.95 1364 36.9324
41.85 1303 36.0971
42.75 1287 35.8748
43.65 1264 35.5528
44.55 1268 35.609
45.45 1319 36.318
46.35 1240 35.2136
47.25 1212 34.8138
48.15 1236 35.1568
49.05 1229 35.0571
49.95 1161 34.0735
50.85 1189 34.4819
51.75 1194 34.5543
52.65 1204 34.6987
53.55 1239 35.1994
54.45 1147 33.8674
55.35 1190 34.4964
56.25 1159 34.0441
57.15 1113 33.3617
58.05 1129 33.6006
58.95 1138 33.7343
59.85 1085 32.9393
60.75 1042 32.28
61.65 1156 34
62.55 1058 32.5269
63.45 1127 33.5708
64.35 1110 33.3167
65.25 1072 32.7414
66.15 1009 31.7648
67.05 1059 32.5423
67.95 1084 32.9242
68.85 1102 33.1964
69.75 964 31.0483
70.65 1022 31.9687
71.55 992 31.496
72.45 1014 31.8434
73.35 994 31.5278
74.25 990 31.4643
75.15 1027 32.0468
76.05 1055 32.4808
76.95 974 31.209
77.85 1031 32.1092
78.75 990 31.4643
79.65 1016 31.8748
80.55 1011 31.7962
81.45 936 30.5941
82.35 1032 32.1248
83.25 1020 31.9374
84.15 936 30.5941
85.05 999 31.607
85.95 978 31.273
86.85 984 31.3688
87.75 1011 31.7962
88.65 967 31.0966
89.55 964 31.0483
90.45 969 31.1288
91.35 992 31.496
92.25 1064 32.619
93.15 983 31.3528
94.05 983 31.3528
94.95 1018 31.9061
95.85 1031 32.1092
96.75 1013 31.8277
97.65 944 30.7246
98.55 1009 31.7648
99.45 1000 31.6228
100.35 1055 32.4808
101.25 1053 32.45
102.15 960 30.9839
103.05 990 31.4643
103.95 1021 31.9531
104.85 972 31.1769
105.75 1051 32.4191
106.65 1000 31.6228
107.55 1029 32.078
108.45 1076 32.8024
109.35 1091 33.0303
110.25 1034 32.1559
111.15 1065 32.6343
112.05 1098 33.1361
112.95 1155 33.9853
113.85 1076 32.8024
114.75 1162 34.0881
115.65 1113 33.3617
116.55 1128 33.5857
117.45 1093 33.0606
118.35 1173 34.2491
119.25 1231 35.0856
120.15 1183 34.3948
121.05 1219 34.9142
121.95 1240 35.2136
122.85 1251 35.3695
123.75 1307 36.1525
124.65 1361 36.8917
125.55 1347 36.7015
126.45 1314 36.2491
127.35 1320 36.3318
128.25 1317 36.2905
129.15 1435 37.8814
130.05 1395 37.3497
130.95 1445 38.0132
131.85 1480 38.4708
132.75 1502 38.7556
133.65 1512 38.8844
134.55 1516 38.9358
135.45 1600 40
136.35 1596 39.95
137.25 1647 40.5832
138.15 1672 40.8901
139.05 1739 41.7013
139.95 1624 40.2989
140.85 1742 41.7373
141.75 1775 42.1307
142.65 1804 42.4735
143.55 1767 42.0357
144.45 1807 42.5088
145.35 1785 42.2493
146.25 1507 38.8201
147.15 819 28.6182
148.05 444 21.0713
148.95 382 19.5448
149.85 354 18.8149
150.75 355 18.8414
151.65 289 17
152.55 308 17.5499
153.45 281 16.7631
154.35 259 16.0935
155.25 235 15.3297
156.15 280 16.7332
157.05 238 15.4272
157.95 224 14.9666
158.85 238 15.4272
159.75 259 16.0935
160.65 227 15.0665
161.55 222 14.8997
162.45 225 15
163.35 206 14.3527
164.25 220 14.8324
165.15 214 14.6287
166.05 210 14.4914
166.95 183 13.5277
167.85 227 15.0665
168.75 180 13.4164
169.65 213 14.5945
170.55 178 13.3417
171.45 198 14.0712
172.35 171 13.0767
173.25 186 13.6382
174.15 177 13.3041
175.05 172 13.1149
175.95 183 13.5277
176.85 167 12.9228
177.75 195 13.9642
178.65 168 12.9615
179.55 177 13.3041
180.45 137 11.7047
181.35 169 13
182.25 191 13.8203
183.15 162 12.7279
184.05 138 11.7473
184.95 152 12.3288
185.85 167 12.9228
186.75 130 11.4018
187.65 118 10.8628
188.55 126 11.225
189.45 112 10.583
190.35 90 9.48683
191.25 77 8.77496
192.15 66 8.12404
193.05 40 6.32456
193.95 46 6.78233
194.85 49 7
195.75 25 5
196.65 36 6
197.55 34 5.83095
198.45 38 6.16441
199.35 31 5.56776
200.25 38 6.16441
201.15 29 5.38516
202.05 27 5.19615
202.95 18 4.24264
203.85 28 5.2915
204.75 22 4.69042
205.65 21 4.58258
206.55 19 4.3589
207.45 25 5
208.35 15 3.87298
209.25 20 4.47214
210.15 11 3.31662
211.05 3 1.73205
211.95 7 2.64575
212.85 4 2
213.75 7 2.64575
214.65 7 2.64575
215.55 9 3
216.45 1 1
217.35 6 2.44949
218.25 4 2
219.15 2 1.41421
220.05 5 2.23607
220.95 1 1
221.85 1 1
222.75 2 1.41421
223.65 0 0
224.55 0 0
225.45 0 0
226.35 1 1
227.25 0 0
228.15 1 1
229.05 0 0
229.95 0 0
230.85 0 0
231.75 0 0
232.65 0 0
233.55 0 0
234.45 0 0
235.35 1 1
236.25 0 0
237.15 0 0
238.05 0 0
238.95 0 0
239.85 0 0
240.75 0 0
241.65 0 0
242.55 0 0
243.45 0 0
244.35 0 0
245.25 0 0
246.15 0 0
247.05 0 0
247.95 1 1
248.85 0 0
249.75 0 0
250.65 0 0
251.55 0 0
252.45 0 0
253.35 0 0
254.25 1 1
255.15 0 0
256.05 0 0
256.95 0 0
257.85 1 1
258.75 0 0
259.65 0 0
260.55 1 1
261.45 0 0
262.35 0 0
263.25 0 0
264.15 0 0
265.05 0 0
265.95 0 0
266.85 0 0
267.75 0 0
268.65 0 0
269.55 0 0
270.45 0 0
271.35 0 0
272.25 0 0
273.15 0 0
274.05 0 0
274.95 0 0
275.85 0 0
276.75 0 0
277.65 0 0
278.55 1 1
279.45 0 0
280.35 127 11.2694
281.25 0 0
282.15 0 0
283.05 0 0
283.95 0 0
284.85 0 0
285.75 0 0
286.65 0 0
287.55 0 0
288.45 0 0
289.35 0 0
290.25 0 0
291.15 0 0
292.05 0 0
292.95 0 0
293.85 0 0
294.75 0 0
295.65 0 0
296.55 0 0
297.45 0 0
298.35 0 0
299.25 0 0
300.15 0 0
301.05 0 0
301.95 0 0
302.85 0 0
303.75 0 0
304.65 0 0
305.55 0 0
306.45 0 0
307.35 0 0
308.25 0 0
309.15 0 0
310.05 0 0
310.95 0 0
311.85 0 0
312.75 0 0
313.65 0 0
314.55 0 0
315.45 0 0
316.35 0 0
317.25 0 0
318.15 0 0
319.05 0 0
319.95 0 0
320.85 0 0
321.75 0 0
322.65 0 0
323.55 0 0
324.45 0 0
325.35 0 0
326.25 0 0
327.15 0 0
328.05 0 0
328.95 0 0
329.85 0 0
330.75 0 0
331.65 0 0
332.55 0 0
333.45 0 0
334.35 0 0
335.25 0 0
336.15 0 0
337.05 0 0
337.95 0 0
338.85 0 0
339.75 0 0
340.65 0 0
341.55 0 0
342.45 0 0
343.35 0 0
344.25 0 0
345.15 0 0
346.05 0 0
346.95 0 0
347.85 0 0
348.75 0 0
349.65 0 0
350.55 0 0
351.45 0 0
352.35 0 0
353.25 0 0
354.15 0 0
355.05 0 0
355.95 0 0
356.85 0 0
357.75 0 0
358.65 0 0
359.55 0 0
360.45 0 0
361.35 0 0
362.25 0 0
363.15 0 0
364.05 0 0
364.95 0 0
365.85 0 0
366.75 0 0
367.65 0 0
368.55 0 0
369.45 0 0
370.35 0 0
371.25 0 0
372.15 0 0
373.05 0 0
373.95 0 0
374.85 0 0
375.75 0 0
376.65 0 0
377.55 0 0
378.45 0 0
379.35 0 0
380.25 0 0
381.15 0 0
382.05 0 0
382.95 0 0
383.85 0 0
384.75 0 0
385.65 0 0
386.55 0 0
387.45 0 0
388.35 0 0
389.25 0 0
390.15 0 0
391.05 0 0
391.95 0 0
392.85 0 0
393.75 0 0
394.65 0 0
395.55 0 0
396.45 0 0
397.35 0 0
398.25 0 0
399.15 0 0
400.05 0 0
400.95 0 0
401.85 0 0
402.75 0 0
403.65 0 0
404.55 0 0
405.45 0 0
406.35 0 0
407.25 0 0
408.15 0 0
409.05 0 0
409.95 0 0
410.85 0 0
411.75 0 0
412.65 0 0
413.55 0 0
414.45 0 0
415.35 0 0
416.25 0 0
417.15 0 0
418.05 0 0
418.95 0 0
419.85 0 0
420.75 0 0
421.65 0 0
422.55 0 0
423.45 0 0
424.35 0 0
425.25 0 0
426.15 0 0
427.05 0 0
427.95 0 0
428.85 0 0
429.75 0 0
430.65 0 0
431.55 0 0
432.45 0 0
433.35 0 0
434.25 0 0
435.15 0 0
436.05 0 0
436.95 0 0
437.85 0 0
438.75 0 0
439.65 0 0
440.55 0 0
441.45 0 0
442.35 0 0
443.25 0 0
444.15 0 0
445.05 0 0
445.95 0 0
446.85 0 0
447.75 0 0
448.65 0 0
449.55 0 0
450.45 0 0
451.35 0 0
452.25 0 0
453.15 0 0
454.05 0 0
454.95 0 0
455.85 0 0
456.75 0 0
457.65 0 0
458.55 0 0
459.45 0 0
460.35 0 0
461.25 0 0
462.15 0 0
463.05 0 0
463.95 0 0
464.85 0 0
465.75 0 0
466.65 0 0
467.55 0 0
468.45 0 0
469.35 0 0
470.25 0 0
471.15 0 0
472.05 0 0
472.95 0 0
473.85 0 0
474.75 0 0
475.65 0 0
476.55 0 0
477.45 0 0
478.35 0 0
479.25 0 0
480.15 0 0
481.05 0 0
481.95 0 0
482.85 0 0
483.75 0 0
484.65 0 0
485.55 0 0
486.45 0 0
487.35 0 0
488.25 0 0
489.15 0 0
490.05 0 0
490.95 0 0
491.85 0 0
492.75 0 0
493.65 0 0
494.55 0 0
495.45 0 0
496.35 0 0
497.25 0 0
498.15 0 0
499.05 0 0
499.95 0 0
500.85 0 0
501.75 0 0
502.65 0 0
503.55 0 0
504.45 0 0
505.35 0 0
506.25 0 0
507.15 0 0
508.05 0 0
508.95 0 0
509.85 0 0
510.75 0 0
511.65 0 0
512.55 0 0
513.45 0 0
514.35 0 0
515.25 0 0
516.15 0 0
517.05 0 0
517.95 0 0
518.85 0 0
519.75 0 0
520.65 0 0
521.55 0 0
522.45 0 0
523.35 0 0
524.25 0 0
525.15 0 0
526.05 0 0
526.95 0 0
527.85 0 0
528.75 0 0
529.65 0 0
530.55 0 0
531.45 0 0
532.35 0 0
533.25 0 0
534.15 0 0
535.05 0 0
535.95 0 0
536.85 0 0
537.75 0 0
538.65 0 0
539.55 0 0
540.45 0 0
541.35 0 0
542.25 0 0
543.15 0 0
544.05 0 0
544.95 0 0
545.85 0 0
546.75 0 0
547.65 0 0
548.55 0 0
549.45 0 0
550.35 0 0
551.25 0 0
552.15 0 0
553.05 0 0
553.95 0 0
554.85 0 0
555.75 0 0
556.65 0 0
557.55 0 0
558.45 0 0
559.35 0 0
560.25 0 0
561.15 0 0
562.05 0 0
562.95 0 0
563.85 0 0
564.75 0 0
565.65 0 0
566.55 0 0
567.45 0 0
568.35 0 0
569.25 0 0
570.15 0 0
571.05 0 0
571.95 0 0
572.85 0 0
573.75 0 0
574.65 0 0
575.55 0 0
576.45 0 0
577.35 0 0
578.25 0 0
579.15 0 0
580.05 0 0
580.95 0 0
581.85 0 0
582.75 0 0
583.65 0 0
584.55 0 0
585.45 0 0
586.35 0 0
587.25 0 0
588.15 0 0
589.05 0 0
589.95 0 0
590.85 0 0
591.75 0 0
592.65 0 0
593.55 0 0
594.45 0 0
595.35 0 0
596.25 0 0
597.15 0 0
598.05 0 0
598.95 0 0
599.85 0 0
600.75 0 0
601.65 0 0
602.55 0 0
603.45 0 0
604.35 0 0
605.25 0 0
606.15 0 0
607.05 0 0
607.95 0 0
608.85 0 0
609.75 0 0
610.65 0 0
611.55 0 0
612.45 0 0
613.35 0 0
614.25 0 0
615.15 0 0
616.05 0 0
616.95 0 0
617.85 0 0
618.75 0 0
619.65 0 0
620.55 0 0
621.45 0 0
622.35 0 0
623.25 0 0
624.15 0 0
625.05 0 0
625.95 0 0
626.85 0 0
627.75 0 0
628.65 0 0
629.55 0 0
630.45 0 0
631.35 0 0
632.25 0 0
633.15 0 0
634.05 0 0
634.95 0 0
635.85 0 0
636.75 0 0
637.65 0 0
638.55 0 0
639.45 0 0
640.35 0 0
641.25 0 0
642.15 0 0
643.05 0 0
643.95 0 0
644.85 0 0
645.75 0 0
646.65 0 0
647.55 0 0
648.45 0 0
649.35 0 0
650.25 0 0
651.15 0 0
652.05 0 0
652.95 0 0
653.85 0 0
654.75 0 0
655.65 0 0
656.55 0 0
657.45 0 0
658.35 0 0
659.25 0 0
660.15 0 0
661.05 0 0
661.95 0 0
662.85 0 0
663.75 0 0
664.65 0 0
665.55 0 0
666.45 0 0
667.35 0 0
668.25 0 0
669.15 0 0
670.05 0 0
670.95 0 0
671.85 0 0
672.75 0 0
673.65 0 0
674.55 0 0
675.45 0 0
676.35 0 0
677.25 0 0
678.15 0 0
679.05 0 0
679.95 0 0
680.85 0 0
681.75 0 0
682.65 0 0
683.55 0 0
684.45 0 0
685.35 0 0
686.25 0 0
687.15 0 0
688.05 0 0
688.95 0 0
689.85 0 0
690.75 0 0
691.65 0 0
692.55 0 0
693.45 0 0
694.35 0 0
695.25 0 0
696.15 0 0
697.05 0 0
697.95 0 0
698.85 0 0
699.75 0 0
700.65 0 0
701.55 0 0
702.45 0 0
703.35 0 0
704.25 0 0
705.15 0 0
706.05 0 0
706.95 0 0
707.85 0 0
708.75 0 0
709.65 0 0
710.55 0 0
711.45 0 0
712.35 0 0
713.25 0 0
714.15 0 0
715.05 0 0
715.95 0 0
716.85 0 0
717.75 0 0
718.65 0 0
719.55 0 0
720.45 0 0
721.35 0 0
722.25 0 0
723.15 0 0
724.05 0 0
724.95 0 0
725.85 0 0
726.75 0 0
727.65 0 0
728.55 0 0
729.45 0 0
730.35 0 0
731.25 0 0
732.15 0 0
733.05 0 0
733.95 0 0
734.85 0 0
735.75 0 0
736.65 0 0
737.55 0 0
738.45 0 0
739.35 0 0
740.25 0 0
741.15 0 0
742.05 0 0
742.95 0 0
743.85 0 0
744.75 0 0
745.65 0 0
746.55 0 0
747.45 0 0
748.35 0 0
749.25 0 0
750.15 0 0
751.05 0 0
751.95 0 0
752.85 0 0
753.75 0 0
754.65 0 0
755.55 0 0
756.45 0 0
757.35 0 0
758.25 0 0
759.15 0 0
760.05 0 0
760.95 0 0
761.85 0 0
762.75 0 0
763.65 0 0
764.55 0 0
765.45 0 0
766.35 0 0
767.25 0 0
768.15 0 0
769.05 0 0
769.95 0 0
770.85 0 0
771.75 0 0
772.65 0 0
773.55 0 0
774.45 0 0
775.35 0 0
776.25 0 0
777.15 0 0
778.05 0 0
778.95 0 0
779.85 0 0
780.75 0 0
781.65 0 0
782.55 0 0
783.45 0 0
784.35 0 0
785.25 0 0
786.15 0 0
787.05 0 0
787.95 0 0
788.85 0 0
789.75 0 0
790.65 0 0
791.55 0 0
792.45 0 0
793.35 0 0
794.25 0 0
795.15 0 0
796.05 0 0
796.95 0 0
797.85 0 0
798.75 0 0
799.65 0 0
800.55 0 0
801.45 0 0
802.35 0 0
803.25 0 0
804.15 0 0
805.05 0 0
805.95 0 0
806.85 0 0
807.75 0 0
808.65 0 0
809.55 0 0
810.45 0 0
811.35 0 0
812.25 0 0
813.15 0 0
814.05 0 0
814.95 0 0
815.85 0 0
816.75 0 0
817.65 0 0
818.55 0 0
819.45 0 0
820.35 0 0
821.25 0 0
822.15 0 0
823.05 0 0
823.95 0 0
824.85 0 0
825.75 0 0
826.65 0 0
827.55 0 0
828.45 0 0
829.35 0 0
830.25 0 0
831.15 0 0
832.05 0 0
832.95 0 0
833.85 0 0
834.75 0 0
835.65 0 0
836.55 0 0
837.45 0 0
838.35 0 0
839.25 0 0
840.15 0 0
841.05 0 0
841.95 0 0
842.85 0 0
843.75 0 0
844.65 0 0
845.55 0 0
846.45 0 0
847.35 0 0
848.25 0 0
849.15 0 0
850.05 0 0
850.95 0 0
851.85 0 0
852.75 0 0
853.65 0 0
854.55 0 0
855.45 0 0
856.35 0 0
857.25 0 0
858.15 0 0
859.05 0 0
859.95 0 0
860.85 0 0
861.75 0 0
862.65 0 0
863.55 0 0
864.45 0 0
865.35 0 0
866.25 0 0
867.15 0 0
868.05 0 0
868.95 0 0
869.85 0 0
870.75 0 0
871.65 0 0
872.55 0 0
873.45 0 0
874.35 0 0
875.25 0 0
876.15 0 0
877.05 0 0
877.95 0 0
878.85 0 0
879.75 0 0
880.65 0 0
881.55 0 0
882.45 0 0
883.35 0 0
884.25 0 0
885.15 0 0
886.05 0 0
886.95 0 0
887.85 0 0
888.75 0 0
889.65 0 0
890.55 0 0
891.45 0 0
892.35 0 0
893.25 0 0
894.15 0 0
895.05 0 0
895.95 0 0
896.85 0 0
897.75 0 0
898.65 0 0
899.55 0 0
