0.45 1366 36.9594
1.35 1410 37.55
2.25 1430 37.8153
3.15 1423 37.7227
4.05 1476 38.4187
4.95 1455 38.1445
5.85 1398 37.3898
6.75 1394 37.3363
7.65 1412 37.5766
8.55 1382 37.1753
9.45 1415 37.6165
10.35 1362 36.9053
11.25 1383 37.1887
12.15 1420 37.6829
13.05 1454 38.1314
13.95 1326 36.4143
14.85 1354 36.7967
15.75 1381 37.1618
16.65 1398 37.3898
17.55 1343 36.647
18.45 1354 36.7967
19.35 1378 37.1214
20.25 1370 37.0135
21.15 1335 36.5377
22.05 1401 37.4299
22.95 1289 35.9026
23.85 1410 37.55
24.75 1298 36.0278
25.65 1366 36.9594
26.55 1261 35.5106
27.45 1339 36.5923
28.35 1349 36.7287
29.25 1298 36.0278
30.15 1369 37
31.05 1262 35.5246
31.95 1242 35.242
32.85 1300 36.0555
33.75 1322 36.3593
34.65 1309 36.1801
35.55 1308 36.1663
36.45 1359 36.8646
37.35 1301 36.0694
38.25 1306 36.1386
39.15 1305 36.1248
40.05 1281 35.7911
40.95 1319 36.318
41.85 1282 35.805
42.75 1260 35.4965
43.65 1262 35.5246
44.55 1273 35.6791
45.45 1288 35.8887
46.35 1237 35.171
47.25 1266 35.5809
48.15 1217 34.8855
49.05 1243 35.2562
49.95 1324 36.3868
50.85 1211 34.7994
51.75 1222 34.9571
52.65 1281 35.7911
53.55 1252 35.3836
54.45 1212 34.8138
55.35 1259 35.4824
56.25 1293 35.9583
57.15 1230 35.0714
58.05 1251 35.3695
58.95 1279 35.7631
59.85 1259 35.4824
60.75 1216 34.8712
61.65 1177 34.3074
62.55 1228 35.0428
63.45 1243 35.2562
64.35 1243 35.2562
65.25 1252 35.3836
66.15 1258 35.4683
67.05 1266 35.5809
67.95 1254 35.4119
68.85 1255 35.426
69.75 1166 34.1467
70.65 1211 34.7994
71.55 1203 34.6843
72.45 1253 35.3977
73.35 1298 36.0278
74.25 1210 34.7851
75.15 1175 34.2783
76.05 1266 35.5809
76.95 1182 34.3802
77.85 1227 35.0286
78.75 1180 34.3511
79.65 1173 34.2491
80.55 1193 34.5398
81.45 1219 34.9142
82.35 1181 34.3657
83.25 1101 33.1813
84.15 1182 34.3802
85.05 1145 33.8378
85.95 1206 34.7275
86.85 1112 33.3467
87.75 1182 34.3802
88.65 1127 33.5708
89.55 1125 33.541
90.45 1097 33.121
91.35 1156 34
92.25 1155 33.9853
93.15 1126 33.5559
94.05 1141 33.7787
94.95 1113 33.3617
95.85 1083 32.909
96.75 1128 33.5857
97.65 1123 33.5112
98.55 1069 32.6956
99.45 1157 34.0147
100.35 1125 33.541
101.25 1108 33.2866
102.15 1087 32.9697
103.05 1120 33.4664
103.95 1137 33.7194
104.85 1076 32.8024
105.75 1119 33.4515
106.65 1071 32.7261
107.55 1076 32.8024
108.45 1006 31.7175
109.35 1037 32.2025
110.25 1156 34
111.15 1112 33.3467
112.05 1078 32.8329
112.95 1049 32.3883
113.85 1078 32.8329
114.75 1069 32.6956
115.65 1065 32.6343
116.55 1044 32.311
117.45 1068 32.6803
118.35 1038 32.218
119.25 1020 31.9374
120.15 1035 32.1714
121.05 1083 32.909
121.95 1097 33.121
122.85 1014 31.8434
123.75 1085 32.9393
124.65 1095 33.0908
125.55 1028 32.0624
126.45 1062 32.5883
127.35 1061 32.573
128.25 1015 31.8591
129.15 995 31.5436
130.05 1075 32.7872
130.95 1041 32.2645
131.85 967 31.0966
132.75 1007 31.7333
133.65 1021 31.9531
134.55 1068 32.6803
135.45 1050 32.4037
136.35 1030 32.0936
137.25 988 31.4325
138.15 971 31.1609
139.05 989 31.4484
139.95 1065 32.6343
140.85 1037 32.2025
141.75 1026 32.0312
142.65 993 31.5119
143.55 954 30.8869
144.45 976 31.241
145.35 995 31.5436
146.25 990 31.4643
147.15 987 31.4166
148.05 1006 31.7175
148.95 995 31.5436
149.85 1035 32.1714
150.75 995 31.5436
151.65 1021 31.9531
152.55 944 30.7246
153.45 968 31.1127
154.35 986 31.4006
155.25 1050 32.4037
156.15 928 30.4631
157.05 1027 32.0468
157.95 967 31.0966
158.85 1069 32.6956
159.75 952 30.8545
160.65 951 30.8383
161.55 971 31.1609
162.45 920 30.3315
163.35 1018 31.9061
164.25 1003 31.6702
165.15 1030 32.0936
166.05 929 30.4795
166.95 922 30.3645
167.85 986 31.4006
168.75 938 30.6268
169.65 988 31.4325
170.55 933 30.545
171.45 924 30.3974
172.35 907 30.1164
173.25 975 31.225
174.15 929 30.4795
175.05 914 30.2324
175.95 942 30.692
176.85 932 30.5287
177.75 963 31.0322
178.65 909 30.1496
179.55 943 30.7083
180.45 958 30.9516
181.35 944 30.7246
182.25 902 30.0333
183.15 982 31.3369
184.05 914 30.2324
184.95 955 30.9031
185.85 936 30.5941
186.75 926 30.4302
187.65 922 30.3645
188.55 906 30.0998
189.45 931 30.5123
190.35 954 30.8869
191.25 921 30.348
192.15 945 30.7409
193.05 926 30.4302
193.95 864 29.3939
194.85 960 30.9839
195.75 908 30.133
196.65 926 30.4302
197.55 914 30.2324
198.45 966 31.0805
199.35 943 30.7083
200.25 922 30.3645
201.15 940 30.6594
202.05 907 30.1164
202.95 902 30.0333
203.85 873 29.5466
204.75 896 29.9333
205.65 878 29.6311
206.55 981 31.3209
207.45 918 30.2985
208.35 835 28.8964
209.25 888 29.7993
210.15 916 30.2655
211.05 894 29.8998
211.95 890 29.8329
212.85 897 29.95
213.75 904 30.0666
214.65 888 29.7993
215.55 888 29.7993
216.45 911 30.1828
217.35 908 30.133
218.25 916 30.2655
219.15 982 31.3369
220.05 910 30.1662
220.95 862 29.3598
221.85 936 30.5941
222.75 880 29.6648
223.65 944 30.7246
224.55 854 29.2233
225.45 918 30.2985
226.35 880 29.6648
227.25 866 29.4279
228.15 844 29.0517
229.05 921 30.348
229.95 909 30.1496
230.85 871 29.5127
231.75 903 30.05
232.65 852 29.189
233.55 923 30.3809
234.45 905 30.0832
235.35 864 29.3939
236.25 883 29.7153
237.15 929 30.4795
238.05 871 29.5127
238.95 898 29.9666
239.85 941 30.6757
240.75 859 29.3087
241.65 931 30.5123
242.55 843 29.0345
243.45 899 29.9833
244.35 883 29.7153
245.25 855 29.2404
246.15 905 30.0832
247.05 914 30.2324
247.95 913 30.2159
248.85 849 29.1376
249.75 924 30.3974
250.65 885 29.7489
251.55 939 30.6431
252.45 865 29.4109
253.35 907 30.1164
254.25 867 29.4449
255.15 879 29.6479
256.05 943 30.7083
256.95 896 29.9333
257.85 829 28.7924
258.75 902 30.0333
259.65 896 29.9333
260.55 946 30.7571
261.45 924 30.3974
262.35 857 29.2746
263.25 900 30
264.15 793 28.1603
265.05 892 29.8664
265.95 884 29.7321
266.85 880 29.6648
267.75 885 29.7489
268.65 849 29.1376
269.55 904 30.0666
270.45 864 29.3939
271.35 892 29.8664
272.25 942 30.692
273.15 856 29.2575
274.05 888 29.7993
274.95 854 29.2233
275.85 880 29.6648
276.75 885 29.7489
277.65 869 29.4788
278.55 881 29.6816
279.45 816 28.5657
280.35 935 30.5778
281.25 863 29.3769
282.15 926 30.4302
283.05 925 30.4138
283.95 916 30.2655
284.85 893 29.8831
285.75 942 30.692
286.65 884 29.7321
287.55 948 30.7896
288.45 981 31.3209
289.35 921 30.348
290.25 875 29.5804
291.15 891 29.8496
292.05 979 31.289
292.95 920 30.3315
293.85 945 30.7409
294.75 961 31
295.65 921 30.348
296.55 959 30.9677
297.45 967 31.0966
298.35 952 30.8545
299.25 936 30.5941
300.15 962 31.0161
301.05 902 30.0333
301.95 953 30.8707
302.85 936 30.5941
303.75 964 31.0483
304.65 912 30.1993
305.55 964 31.0483
306.45 1014 31.8434
307.35 983 31.3528
308.25 1047 32.3574
309.15 961 31
310.05 996 31.5595
310.95 996 31.5595
311.85 1009 31.7648
312.75 1002 31.6544
313.65 1041 32.2645
314.55 1076 32.8024
315.45 1024 32
316.35 1062 32.5883
317.25 993 31.5119
318.15 976 31.241
319.05 1029 32.078
319.95 1067 32.665
320.85 1107 33.2716
321.75 1029 32.078
322.65 1114 33.3766
323.55 1093 33.0606
324.45 1051 32.4191
325.35 1053 32.45
326.25 1025 32.0156
327.15 1067 32.665
328.05 1090 33.0151
328.95 1067 32.665
329.85 1051 32.4191
330.75 1129 33.6006
331.65 1089 33
332.55 1075 32.7872
333.45 1125 33.541
334.35 1109 33.3017
335.25 1104 33.2265
336.15 1151 33.9264
337.05 1153 33.9559
337.95 1158 34.0294
338.85 1139 33.7491
339.75 1169 34.1906
340.65 1171 34.2199
341.55 1120 33.4664
342.45 1191 34.5109
343.35 1177 34.3074
344.25 1191 34.5109
345.15 1199 34.6266
346.05 1208 34.7563
346.95 1226 35.0143
347.85 1183 34.3948
348.75 1266 35.5809
349.65 1260 35.4965
350.55 1230 35.0714
351.45 1265 35.5668
352.35 1297 36.0139
353.25 1286 35.8608
354.15 1300 36.0555
355.05 1298 36.0278
355.95 1309 36.1801
356.85 1329 36.4555
357.75 1282 35.805
358.65 1354 36.7967
359.55 1370 37.0135
360.45 1329 36.4555
361.35 1336 36.5513
362.25 1405 37.4833
363.15 1387 37.2424
364.05 1416 37.6298
364.95 1421 37.6962
365.85 1454 38.1314
366.75 1469 38.3275
367.65 1533 39.1535
368.55 1428 37.7889
369.45 1450 38.0789
370.35 1511 38.8716
371.25 1524 39.0384
372.15 1570 39.6232
373.05 1582 39.7744
373.95 1601 40.0125
374.85 1549 39.3573
375.75 1707 41.3159
376.65 1609 40.1123
377.55 1629 40.3609
378.45 1590 39.8748
379.35 1695 41.1704
380.25 1640 40.4969
381.15 1688 41.0853
382.05 1646 40.5709
382.95 1672 40.8901
383.85 1740 41.7133
384.75 1762 41.9762
385.65 1640 40.4969
386.55 1774 42.1189
387.45 1849 43
388.35 1760 41.9524
389.25 1796 42.3792
390.15 1849 43
391.05 1755 41.8927
391.95 1721 41.4849
392.85 1686 41.0609
393.75 1584 39.7995
394.65 1011 31.7962
395.55 598 24.454
396.45 445 21.095
397.35 393 19.8242
398.25 394 19.8494
399.15 345 18.5742
400.05 339 18.412
400.95 315 17.7482
401.85 305 17.4642
402.75 280 16.7332
403.65 273 16.5227
404.55 258 16.0624
405.45 234 15.2971
406.35 229 15.1327
407.25 249 15.7797
408.15 276 16.6132
409.05 220 14.8324
409.95 231 15.1987
410.85 233 15.2643
411.75 250 15.8114
412.65 216 14.6969
413.55 226 15.0333
414.45 212 14.5602
415.35 198 14.0712
416.25 238 15.4272
417.15 245 15.6525
418.05 204 14.2829
418.95 189 13.7477
419.85 201 14.1774
420.75 191 13.8203
421.65 173 13.1529
422.55 201 14.1774
423.45 232 15.2315
424.35 206 14.3527
425.25 235 15.3297
426.15 191 13.8203
427.05 216 14.6969
427.95 232 15.2315
428.85 213 14.5945
429.75 244 15.6205
430.65 179 13.3791
431.55 194 13.9284
432.45 200 14.1421
433.35 202 14.2127
434.25 202 14.2127
435.15 205 14.3178
436.05 202 14.2127
436.95 213 14.5945
437.85 186 13.6382
438.75 175 13.2288
439.65 180 13.4164
440.55 208 14.4222
441.45 215 14.6629
442.35 161 12.6886
443.25 186 13.6382
444.15 185 13.6015
445.05 191 13.8203
445.95 204 14.2829
446.85 187 13.6748
447.75 195 13.9642
448.65 159 12.6095
449.55 182 13.4907
450.45 168 12.9615
451.35 189 13.7477
452.25 184 13.5647
453.15 153 12.3693
454.05 165 12.8452
454.95 166 12.8841
455.85 140 11.8322
456.75 149 12.2066
457.65 134 11.5758
458.55 137 11.7047
459.45 132 11.4891
460.35 107 10.3441
461.25 140 11.8322
462.15 110 10.4881
463.05 92 9.59166
463.95 77 8.77496
464.85 65 8.06226
465.75 63 7.93725
466.65 46 6.78233
467.55 43 6.55744
468.45 38 6.16441
469.35 45 6.7082
470.25 35 5.91608
471.15 29 5.38516
472.05 34 5.83095
472.95 34 5.83095
473.85 36 6
474.75 35 5.91608
475.65 35 5.91608
476.55 31 5.56776
477.45 31 5.56776
478.35 26 5.09902
479.25 29 5.38516
480.15 36 6
481.05 34 5.83095
481.95 27 5.19615
482.85 14 3.74166
483.75 27 5.19615
484.65 24 4.89898
485.55 19 4.3589
486.45 17 4.12311
487.35 18 4.24264
488.25 20 4.47214
489.15 10 3.16228
490.05 9 3
490.95 21 4.58258
491.85 12 3.4641
492.75 12 3.4641
493.65 5 2.23607
494.55 8 2.82843
495.45 5 2.23607
496.35 6 2.44949
497.25 6 2.44949
498.15 7 2.64575
499.05 5 2.23607
499.95 1 1
500.85 7 2.64575
501.75 5 2.23607
502.65 2 1.41421
503.55 6 2.44949
504.45 4 2
505.35 2 1.41421
506.25 1 1
507.15 1 1
508.05 0 0
508.95 0 0
509.85 3 1.73205
510.75 0 0
511.65 0 0
512.55 1 1
513.45 0 0
514.35 1 1
515.25 2 1.41421
516.15 0 0
517.05 0 0
517.95 1 1
518.85 1 1
519.75 0 0
520.65 0 0
521.55 0 0
522.45 0 0
523.35 0 0
524.25 1 1
525.15 0 0
526.05 0 0
526.95 1 1
527.85 0 0
528.75 0 0
529.65 0 0
530.55 0 0
531.45 0 0
532.35 0 0
533.25 0 0
534.15 0 0
535.05 0 0
535.95 0 0
536.85 0 0
537.75 0 0
538.65 0 0
539.55 0 0
540.45 0 0
541.35 1 1
542.25 0 0
543.15 0 0
544.05 0 0
544.95 0 0
545.85 0 0
546.75 0 0
547.65 0 0
548.55 0 0
549.45 0 0
550.35 0 0
551.25 0 0
552.15 0 0
553.05 0 0
553.95 0 0
554.85 0 0
555.75 0 0
556.65 0 0
557.55 0 0
558.45 0 0
559.35 0 0
560.25 0 0
561.15 0 0
562.05 0 0
562.95 0 0
563.85 0 0
564.75 0 0
565.65 0 0
566.55 0 0
567.45 0 0
568.35 0 0
569.25 0 0
570.15 0 0
571.05 56 7.48331
571.95 0 0
572.85 0 0
573.75 0 0
574.65 0 0
575.55 0 0
576.45 0 0
577.35 0 0
578.25 0 0
579.15 0 0
580.05 0 0
580.95 0 0
581.85 0 0
582.75 0 0
583.65 0 0
584.55 0 0
585.45 0 0
586.35 0 0
587.25 0 0
588.15 0 0
589.05 0 0
589.95 0 0
590.85 0 0
591.75 0 0
592.65 0 0
593.55 0 0
594.45 0 0
595.35 0 0
596.25 0 0
597.15 0 0
598.05 0 0
598.95 0 0
599.85 0 0
600.75 0 0
601.65 0 0
602.55 0 0
603.45 0 0
604.35 0 0
605.25 0 0
606.15 0 0
607.05 0 0
607.95 0 0
608.85 0 0
609.75 0 0
610.65 0 0
611.55 0 0
612.45 0 0
613.35 0 0
614.25 0 0
615.15 0 0
616.05 0 0
616.95 0 0
617.85 0 0
618.75 0 0
619.65 0 0
620.55 0 0
621.45 0 0
622.35 0 0
623.25 0 0
624.15 0 0
625.05 0 0
625.95 0 0
626.85 0 0
627.75 0 0
628.65 0 0
629.55 0 0
630.45 0 0
631.35 0 0
632.25 0 0
633.15 0 0
634.05 0 0
634.95 0 0
635.85 0 0
636.75 0 0
637.65 0 0
638.55 0 0
639.45 0 0
640.35 0 0
641.25 0 0
642.15 0 0
643.05 0 0
643.95 0 0
644.85 0 0
645.75 0 0
646.65 0 0
647.55 0 0
648.45 0 0
649.35 0 0
650.25 0 0
651.15 0 0
652.05 0 0
652.95 0 0
653.85 0 0
654.75 0 0
655.65 0 0
656.55 0 0
657.45 0 0
658.35 0 0
659.25 0 0
660.15 0 0
661.05 0 0
661.95 0 0
662.85 0 0
663.75 0 0
664.65 0 0
665.55 0 0
666.45 0 0
667.35 0 0
668.25 0 0
669.15 0 0
670.05 0 0
670.95 0 0
671.85 0 0
672.75 0 0
673.65 0 0
674.55 0 0
675.45 0 0
676.35 0 0
677.25 0 0
678.15 0 0
679.05 0 0
679.95 0 0
680.85 0 0
681.75 0 0
682.65 0 0
683.55 0 0
684.45 0 0
685.35 0 0
686.25 0 0
687.15 0 0
688.05 0 0
688.95 0 0
689.85 0 0
690.75 0 0
691.65 0 0
692.55 0 0
693.45 0 0
694.35 0 0
695.25 0 0
696.15 0 0
697.05 0 0
697.95 0 0
698.85 0 0
699.75 0 0
700.65 0 0
701.55 0 0
702.45 0 0
703.35 0 0
704.25 0 0
705.15 0 0
706.05 0 0
706.95 0 0
707.85 0 0
708.75 0 0
709.65 0 0
710.55 0 0
711.45 0 0
712.35 0 0
713.25 0 0
714.15 0 0
715.05 0 0
715.95 0 0
716.85 0 0
717.75 0 0
718.65 0 0
719.55 0 0
720.45 0 0
721.35 0 0
722.25 0 0
723.15 0 0
724.05 0 0
724.95 0 0
725.85 0 0
726.75 0 0
727.65 0 0
728.55 0 0
729.45 0 0
730.35 0 0
731.25 0 0
732.15 0 0
733.05 0 0
733.95 0 0
734.85 0 0
735.75 0 0
736.65 0 0
737.55 0 0
738.45 0 0
739.35 0 0
740.25 0 0
741.15 0 0
742.05 0 0
742.95 0 0
743.85 0 0
744.75 0 0
745.65 0 0
746.55 0 0
747.45 0 0
748.35 0 0
749.25 0 0
750.15 0 0
751.05 0 0
751.95 0 0
752.85 0 0
753.75 0 0
754.65 0 0
755.55 0 0
756.45 0 0
757.35 0 0
758.25 0 0
759.15 0 0
760.05 0 0
760.95 0 0
761.85 0 0
762.75 0 0
763.65 0 0
764.55 0 0
765.45 0 0
766.35 0 0
767.25 0 0
768.15 0 0
769.05 0 0
769.95 0 0
770.85 0 0
771.75 0 0
772.65 0 0
773.55 0 0
774.45 0 0
775.35 0 0
776.25 0 0
777.15 0 0
778.05 0 0
778.95 0 0
779.85 0 0
780.75 0 0
781.65 0 0
782.55 0 0
783.45 0 0
784.35 0 0
785.25 0 0
786.15 0 0
787.05 0 0
787.95 0 0
788.85 0 0
789.75 0 0
790.65 0 0
791.55 0 0
792.45 0 0
793.35 0 0
794.25 0 0
795.15 0 0
796.05 0 0
796.95 0 0
797.85 0 0
798.75 0 0
799.65 0 0
800.55 0 0
801.45 0 0
802.35 0 0
803.25 0 0
804.15 0 0
805.05 0 0
805.95 0 0
806.85 0 0
807.75 0 0
808.65 0 0
809.55 0 0
810.45 0 0
811.35 0 0
812.25 0 0
813.15 0 0
814.05 0 0
814.95 0 0
815.85 0 0
816.75 0 0
817.65 0 0
818.55 0 0
819.45 0 0
820.35 0 0
821.25 0 0
822.15 0 0
823.05 0 0
823.95 0 0
824.85 0 0
825.75 0 0
826.65 0 0
827.55 0 0
828.45 0 0
829.35 0 0
830.25 0 0
831.15 0 0
832.05 0 0
832.95 0 0
833.85 0 0
834.75 0 0
835.65 0 0
836.55 0 0
837.45 0 0
838.35 0 0
839.25 0 0
840.15 0 0
841.05 0 0
841.95 0 0
842.85 0 0
843.75 0 0
844.65 0 0
845.55 0 0
846.45 0 0
847.35 0 0
848.25 0 0
849.15 0 0
850.05 0 0
850.95 0 0
851.85 0 0
852.75 0 0
853.65 0 0
854.55 0 0
855.45 0 0
856.35 0 0
857.25 0 0
858.15 0 0
859.05 0 0
859.95 0 0
860.85 0 0
861.75 0 0
862.65 0 0
863.55 0 0
864.45 0 0
865.35 0 0
866.25 0 0
867.15 0 0
868.05 0 0
868.95 0 0
869.85 0 0
870.75 0 0
871.65 0 0
872.55 0 0
873.45 0 0
874.35 0 0
875.25 0 0
876.15 0 0
877.05 0 0
877.95 0 0
878.85 0 0
879.75 0 0
880.65 0 0
881.55 0 0
882.45 0 0
883.35 0 0
884.25 0 0
885.15 0 0
886.05 0 0
886.95 0 0
887.85 0 0
888.75 0 0
889.65 0 0
890.55 0 0
891.45 0 0
892.35 0 0
893.25 0 0
894.15 0 0
895.05 0 0
895.95 0 0
896.85 0 0
897.75 0 0
898.65 0 0
899.55 0 0
