0.45 1532 39.1408
1.35 1596 39.95
2.25 1624 40.2989
3.15 1590 39.8748
4.05 1638 40.4722
4.95 1610 40.1248
5.85 1669 40.8534
6.75 1581 39.7618
7.65 1605 40.0625
8.55 1525 39.0512
9.45 1638 40.4722
10.35 1584 39.7995
11.25 1609 40.1123
12.15 1600 40
13.05 1538 39.2173
13.95 1550 39.37
14.85 1579 39.7366
15.75 1546 39.3192
16.65 1588 39.8497
17.55 1568 39.598
18.45 1592 39.8999
19.35 1504 38.7814
20.25 1539 39.2301
21.15 1507 38.8201
22.05 1519 38.9744
22.95 1567 39.5854
23.85 1497 38.6911
24.75 1583 39.7869
25.65 1456 38.1576
26.55 1470 38.3406
27.45 1499 38.7169
28.35 1493 38.6394
29.25 1517 38.9487
30.15 1472 38.3667
31.05 1510 38.8587
31.95 1548 39.3446
32.85 1424 37.7359
33.75 1490 38.6005
34.65 1511 38.8716
35.55 1503 38.7685
36.45 1460 38.2099
37.35 1406 37.4967
38.25 1416 37.6298
39.15 1431 37.8286
40.05 1430 37.8153
40.95 1488 38.5746
41.85 1454 38.1314
42.75 1425 37.7492
43.65 1483 38.5097
44.55 1398 37.3898
45.45 1418 37.6563
46.35 1478 38.4448
47.25 1402 37.4433
48.15 1434 37.8682
49.05 1410 37.55
49.95 1430 37.8153
50.85 1429 37.8021
51.75 1459 38.1969
52.65 1443 37.9868
53.55 1423 37.7227
54.45 1461 38.223
55.35 1380 37.1484
56.25 1421 37.6962
57.15 1425 37.7492
58.05 1413 37.5899
58.95 1420 37.6829
59.85 1365 36.9459
60.75 1402 37.4433
61.65 1395 37.3497
62.55 1439 37.9342
63.45 1409 37.5366
64.35 1406 37.4967
65.25 1436 37.8946
66.15 1405 37.4833
67.05 1425 37.7492
67.95 1399 37.4032
68.85 1425 37.7492
69.75 1378 37.1214
70.65 1373 37.054
71.55 1404 37.47
72.45 1422 37.7094
73.35 1392 37.3095
74.25 1452 38.1051
75.15 1340 36.606
76.05 1397 37.3765
76.95 1274 35.6931
77.85 1359 36.8646
78.75 1289 35.9026
79.65 1279 35.7631
80.55 1339 36.5923
81.45 1294 35.9722
82.35 1356 36.8239
83.25 1285 35.8469
84.15 1308 36.1663
85.05 1270 35.6371
85.95 1295 35.9861
86.85 1365 36.9459
87.75 1293 35.9583
88.65 1262 35.5246
89.55 1319 36.318
90.45 1275 35.7071
91.35 1347 36.7015
92.25 1240 35.2136
93.15 1335 36.5377
94.05 1292 35.9444
94.95 1243 35.2562
95.85 1291 35.9305
96.75 1266 35.5809
97.65 1315 36.2629
98.55 1239 35.1994
99.45 1247 35.3129
100.35 1211 34.7994
101.25 1233 35.1141
102.15 1180 34.3511
103.05 1220 34.9285
103.95 1246 35.2987
104.85 1194 34.5543
105.75 1304 36.1109
106.65 1161 34.0735
107.55 1202 34.6699
108.45 1169 34.1906
109.35 1186 34.4384
110.25 1223 34.9714
111.15 1270 35.6371
112.05 1206 34.7275
112.95 1178 34.322
113.85 1225 35
114.75 1170 34.2053
115.65 1150 33.9116
116.55 1238 35.1852
117.45 1148 33.8821
118.35 1228 35.0428
119.25 1150 33.9116
120.15 1132 33.6452
121.05 1163 34.1028
121.95 1152 33.9411
122.85 1073 32.7567
123.75 1144 33.8231
124.65 1150 33.9116
125.55 1093 33.0606
126.45 1187 34.4529
127.35 1166 34.1467
128.25 1198 34.6121
129.15 1131 33.6303
130.05 1219 34.9142
130.95 1177 34.3074
131.85 1092 33.0454
132.75 1208 34.7563
133.65 1134 33.6749
134.55 1122 33.4963
135.45 1113 33.3617
136.35 1172 34.2345
137.25 1158 34.0294
138.15 1156 34
139.05 1138 33.7343
139.95 1167 34.1614
140.85 1112 33.3467
141.75 1167 34.1614
142.65 1094 33.0757
143.55 1183 34.3948
144.45 1153 33.9559
145.35 1165 34.1321
146.25 1064 32.619
147.15 1122 33.4963
148.05 1136 33.7046
148.95 1058 32.5269
149.85 1101 33.1813
150.75 1106 33.2566
151.65 1080 32.8634
152.55 1102 33.1964
153.45 1115 33.3916
154.35 1092 33.0454
155.25 1079 32.8481
156.15 1026 32.0312
157.05 1086 32.9545
157.95 1064 32.619
158.85 1092 33.0454
159.75 1059 32.5423
160.65 1099 33.1512
161.55 1033 32.1403
162.45 1119 33.4515
163.35 1012 31.8119
164.25 1056 32.4962
165.15 1086 32.9545
166.05 1024 32
166.95 1110 33.3167
167.85 1110 33.3167
168.75 1047 32.3574
169.65 1059 32.5423
170.55 1089 33
171.45 1066 32.6497
172.35 1048 32.3728
173.25 1012 31.8119
174.15 1088 32.9848
175.05 1059 32.5423
175.95 1090 33.0151
176.85 985 31.3847
177.75 1045 32.3265
178.65 1046 32.3419
179.55 1028 32.0624
180.45 1034 32.1559
181.35 1005 31.7017
182.25 1020 31.9374
183.15 1015 31.8591
184.05 1014 31.8434
184.95 1060 32.5576
185.85 1024 32
186.75 1016 31.8748
187.65 973 31.1929
188.55 1043 32.2955
189.45 1035 32.1714
190.35 1016 31.8748
191.25 1015 31.8591
192.15 965 31.0644
193.05 1041 32.2645
193.95 991 31.4802
194.85 1028 32.0624
195.75 1026 32.0312
196.65 1028 32.0624
197.55 1005 31.7017
198.45 1001 31.6386
199.35 1028 32.0624
200.25 918 30.2985
201.15 1063 32.6037
202.05 1044 32.311
202.95 1016 31.8748
203.85 982 31.3369
204.75 1043 32.2955
205.65 1029 32.078
206.55 1042 32.28
207.45 1024 32
208.35 1013 31.8277
209.25 1008 31.749
210.15 990 31.4643
211.05 1024 32
211.95 1019 31.9218
212.85 983 31.3528
213.75 1007 31.7333
214.65 980 31.305
215.55 1024 32
216.45 943 30.7083
217.35 1010 31.7805
218.25 1012 31.8119
219.15 1048 32.3728
220.05 1065 32.6343
220.95 1031 32.1092
221.85 1020 31.9374
222.75 1004 31.686
223.65 1040 32.249
224.55 973 31.1929
225.45 993 31.5119
226.35 959 30.9677
227.25 1039 32.2335
228.15 1035 32.1714
229.05 983 31.3528
229.95 980 31.305
230.85 1016 31.8748
231.75 1038 32.218
232.65 992 31.496
233.55 1035 32.1714
234.45 1023 31.9844
235.35 1017 31.8904
236.25 1025 32.0156
237.15 1068 32.6803
238.05 980 31.305
238.95 1008 31.749
239.85 996 31.5595
240.75 992 31.496
241.65 989 31.4484
242.55 1022 31.9687
243.45 1038 32.218
244.35 1009 31.7648
245.25 1035 32.1714
246.15 1004 31.686
247.05 1046 32.3419
247.95 948 30.7896
248.85 1025 32.0156
249.75 1039 32.2335
250.65 1009 31.7648
251.55 981 31.3209
252.45 965 31.0644
253.35 1025 32.0156
254.25 1028 32.0624
255.15 1022 31.9687
256.05 1087 32.9697
256.95 1022 31.9687
257.85 994 31.5278
258.75 1052 32.4345
259.65 1004 31.686
260.55 1066 32.6497
261.45 1062 32.5883
262.35 1060 32.5576
263.25 1090 33.0151
264.15 1059 32.5423
265.05 1026 32.0312
265.95 1124 33.5261
266.85 990 31.4643
267.75 1126 33.5559
268.65 1074 32.7719
269.55 1097 33.121
270.45 1082 32.8938
271.35 1058 32.5269
272.25 1147 33.8674
273.15 1094 33.0757
274.05 1075 32.7872
274.95 1077 32.8177
275.85 1116 33.4066
276.75 1046 32.3419
277.65 1160 34.0588
278.55 1116 33.4066
279.45 1136 33.7046
280.35 1145 33.8378
281.25 1172 34.2345
282.15 1183 34.3948
283.05 1135 33.6898
283.95 1133 33.6601
284.85 1154 33.9706
285.75 1103 33.2114
286.65 1155 33.9853
287.55 1187 34.4529
288.45 1169 34.1906
289.35 1140 33.7639
290.25 1149 33.8969
291.15 1177 34.3074
292.05 1214 34.8425
292.95 1147 33.8674
293.85 1151 33.9264
294.75 1235 35.1426
295.65 1204 34.6987
296.55 1254 35.4119
297.45 1215 34.8569
298.35 1251 35.3695
299.25 1203 34.6843
300.15 1208 34.7563
301.05 1255 35.426
301.95 1292 35.9444
302.85 1318 36.3043
303.75 1296 36
304.65 1252 35.3836
305.55 1302 36.0832
306.45 1241 35.2278
307.35 1344 36.6606
308.25 1314 36.2491
309.15 1326 36.4143
310.05 1405 37.4833
310.95 1395 37.3497
311.85 1394 37.3363
312.75 1289 35.9026
313.65 1428 37.7889
314.55 1392 37.3095
315.45 1468 38.3145
316.35 1380 37.1484
317.25 1439 37.9342
318.15 1382 37.1753
319.05 1408 37.5233
319.95 1413 37.5899
320.85 1439 37.9342
321.75 1481 38.4838
322.65 1470 38.3406
323.55 1512 38.8844
324.45 1478 38.4448
325.35 1599 39.9875
326.25 1523 39.0256
327.15 1557 39.4588
328.05 1491 38.6135
328.95 1607 40.0874
329.85 1564 39.5474
330.75 1635 40.4351
331.65 1611 40.1373
332.55 1652 40.6448
333.45 1697 41.1947
334.35 1651 40.6325
335.25 1712 41.3763
336.15 1721 41.4849
337.05 1775 42.1307
337.95 1702 41.2553
338.85 1802 42.45
339.75 1804 42.4735
340.65 1807 42.5088
341.55 1781 42.2019
342.45 1869 43.2319
343.35 1840 42.8952
344.25 1787 42.2729
345.15 1894 43.5201
346.05 1936 44
346.95 1962 44.2945
347.85 1945 44.1022
348.75 2035 45.111
349.65 1936 44
350.55 1993 44.643
351.45 1917 43.7836
352.35 2073 45.5302
353.25 2034 45.0999
354.15 1915 43.7607
355.05 2017 44.911
355.95 1797 42.391
356.85 1601 40.0125
357.75 952 30.8545
358.65 551 23.4734
359.55 462 21.4942
360.45 395 19.8746
361.35 417 20.4206
362.25 354 18.8149
363.15 308 17.5499
364.05 351 18.735
364.95 341 18.4662
365.85 286 16.9115
366.75 292 17.088
367.65 280 16.7332
368.55 299 17.2916
369.45 286 16.9115
370.35 289 17
371.25 289 17
372.15 248 15.748
373.05 282 16.7929
373.95 270 16.4317
374.85 257 16.0312
375.75 235 15.3297
376.65 246 15.6844
377.55 266 16.3095
378.45 247 15.7162
379.35 264 16.2481
380.25 244 15.6205
381.15 252 15.8745
382.05 254 15.9374
382.95 260 16.1245
383.85 229 15.1327
384.75 227 15.0665
385.65 210 14.4914
386.55 227 15.0665
387.45 237 15.3948
388.35 228 15.0997
389.25 228 15.0997
390.15 212 14.5602
391.05 228 15.0997
391.95 214 14.6287
392.85 229 15.1327
393.75 209 14.4568
394.65 210 14.4914
395.55 191 13.8203
396.45 231 15.1987
397.35 223 14.9332
398.25 200 14.1421
399.15 189 13.7477
400.05 227 15.0665
400.95 222 14.8997
401.85 205 14.3178
402.75 226 15.0333
403.65 203 14.2478
404.55 244 15.6205
405.45 199 14.1067
406.35 202 14.2127
407.25 217 14.7309
408.15 188 13.7113
409.05 210 14.4914
409.95 224 14.9666
410.85 199 14.1067
411.75 198 14.0712
412.65 198 14.0712
413.55 226 15.0333
414.45 149 12.2066
415.35 200 14.1421
416.25 172 13.1149
417.15 174 13.1909
418.05 179 13.3791
418.95 130 11.4018
419.85 136 11.6619
420.75 116 10.7703
421.65 117 10.8167
422.55 118 10.8628
423.45 87 9.32738
424.35 91 9.53939
425.25 86 9.27362
426.15 75 8.66025
427.05 70 8.3666
427.95 56 7.48331
428.85 47 6.85565
429.75 47 6.85565
430.65 45 6.7082
431.55 50 7.07107
432.45 33 5.74456
433.35 40 6.32456
434.25 35 5.91608
435.15 27 5.19615
436.05 43 6.55744
436.95 34 5.83095
437.85 28 5.2915
438.75 39 6.245
439.65 32 5.65685
440.55 27 5.19615
441.45 25 5
442.35 22 4.69042
443.25 23 4.79583
444.15 23 4.79583
445.05 22 4.69042
445.95 16 4
446.85 19 4.3589
447.75 16 4
448.65 26 5.09902
449.55 21 4.58258
450.45 22 4.69042
451.35 11 3.31662
452.25 7 2.64575
453.15 11 3.31662
454.05 10 3.16228
454.95 11 3.31662
455.85 10 3.16228
456.75 3 1.73205
457.65 5 2.23607
458.55 6 2.44949
459.45 8 2.82843
460.35 2 1.41421
461.25 3 1.73205
462.15 7 2.64575
463.05 2 1.41421
463.95 2 1.41421
464.85 3 1.73205
465.75 2 1.41421
466.65 2 1.41421
467.55 1 1
468.45 3 1.73205
469.35 1 1
470.25 1 1
471.15 1 1
472.05 0 0
472.95 3 1.73205
473.85 0 0
474.75 1 1
475.65 1 1
476.55 0 0
477.45 0 0
478.35 0 0
479.25 0 0
480.15 0 0
481.05 1 1
481.95 0 0
482.85 0 0
483.75 0 0
484.65 0 0
485.55 0 0
486.45 0 0
487.35 0 0
488.25 0 0
489.15 0 0
490.05 1 1
490.95 0 0
491.85 0 0
492.75 0 0
493.65 0 0
494.55 0 0
495.45 1 1
496.35 0 0
497.25 0 0
498.15 0 0
499.05 0 0
499.95 0 0
500.85 1 1
501.75 0 0
502.65 0 0
503.55 0 0
504.45 0 0
505.35 0 0
506.25 0 0
507.15 0 0
508.05 0 0
508.95 0 0
509.85 1 1
510.75 1 1
511.65 0 0
512.55 0 0
513.45 0 0
514.35 0 0
515.25 0 0
516.15 0 0
517.05 0 0
517.95 0 0
518.85 0 0
519.75 0 0
520.65 1 1
521.55 0 0
522.45 0 0
523.35 0 0
524.25 0 0
525.15 0 0
526.05 0 0
526.95 0 0
527.85 0 0
528.75 0 0
529.65 70 8.3666
530.55 0 0
531.45 0 0
532.35 0 0
533.25 0 0
534.15 0 0
535.05 0 0
535.95 0 0
536.85 0 0
537.75 0 0
538.65 0 0
539.55 0 0
540.45 0 0
541.35 0 0
542.25 0 0
543.15 0 0
544.05 0 0
544.95 0 0
545.85 0 0
546.75 0 0
547.65 0 0
548.55 0 0
549.45 0 0
550.35 0 0
551.25 0 0
552.15 0 0
553.05 0 0
553.95 0 0
554.85 0 0
555.75 0 0
556.65 0 0
557.55 0 0
558.45 0 0
559.35 0 0
560.25 0 0
561.15 0 0
562.05 0 0
562.95 0 0
563.85 0 0
564.75 0 0
565.65 0 0
566.55 0 0
567.45 0 0
568.35 0 0
569.25 0 0
570.15 0 0
571.05 0 0
571.95 0 0
572.85 0 0
573.75 0 0
574.65 0 0
575.55 0 0
576.45 0 0
577.35 0 0
578.25 0 0
579.15 0 0
580.05 0 0
580.95 0 0
581.85 0 0
582.75 0 0
583.65 0 0
584.55 0 0
585.45 0 0
586.35 0 0
587.25 0 0
588.15 0 0
589.05 0 0
589.95 0 0
590.85 0 0
591.75 0 0
592.65 0 0
593.55 0 0
594.45 0 0
595.35 0 0
596.25 0 0
597.15 0 0
598.05 0 0
598.95 0 0
599.85 0 0
600.75 0 0
601.65 0 0
602.55 0 0
603.45 0 0
604.35 0 0
605.25 0 0
606.15 0 0
607.05 0 0
607.95 0 0
608.85 0 0
609.75 0 0
610.65 0 0
611.55 0 0
612.45 0 0
613.35 0 0
614.25 0 0
615.15 0 0
616.05 0 0
616.95 0 0
617.85 0 0
618.75 0 0
619.65 0 0
620.55 0 0
621.45 0 0
622.35 0 0
623.25 0 0
624.15 0 0
625.05 0 0
625.95 0 0
626.85 0 0
627.75 0 0
628.65 0 0
629.55 0 0
630.45 0 0
631.35 0 0
632.25 0 0
633.15 0 0
634.05 0 0
634.95 0 0
635.85 0 0
636.75 0 0
637.65 0 0
638.55 0 0
639.45 0 0
640.35 0 0
641.25 0 0
642.15 0 0
643.05 0 0
643.95 0 0
644.85 0 0
645.75 0 0
646.65 0 0
647.55 0 0
648.45 0 0
649.35 0 0
650.25 0 0
651.15 0 0
652.05 0 0
652.95 0 0
653.85 0 0
654.75 0 0
655.65 0 0
656.55 0 0
657.45 0 0
658.35 0 0
659.25 0 0
660.15 0 0
661.05 0 0
661.95 0 0
662.85 0 0
663.75 0 0
664.65 0 0
665.55 0 0
666.45 0 0
667.35 0 0
668.25 0 0
669.15 0 0
670.05 0 0
670.95 0 0
671.85 0 0
672.75 0 0
673.65 0 0
674.55 0 0
675.45 0 0
676.35 0 0
677.25 0 0
678.15 0 0
679.05 0 0
679.95 0 0
680.85 0 0
681.75 0 0
682.65 0 0
683.55 0 0
684.45 0 0
685.35 0 0
686.25 0 0
687.15 0 0
688.05 0 0
688.95 0 0
689.85 0 0
690.75 0 0
691.65 0 0
692.55 0 0
693.45 0 0
694.35 0 0
695.25 0 0
696.15 0 0
697.05 0 0
697.95 0 0
698.85 0 0
699.75 0 0
700.65 0 0
701.55 0 0
702.45 0 0
703.35 0 0
704.25 0 0
705.15 0 0
706.05 0 0
706.95 0 0
707.85 0 0
708.75 0 0
709.65 0 0
710.55 0 0
711.45 0 0
712.35 0 0
713.25 0 0
714.15 0 0
715.05 0 0
715.95 0 0
716.85 0 0
717.75 0 0
718.65 0 0
719.55 0 0
720.45 0 0
721.35 0 0
722.25 0 0
723.15 0 0
724.05 0 0
724.95 0 0
725.85 0 0
726.75 0 0
727.65 0 0
728.55 0 0
729.45 0 0
730.35 0 0
731.25 0 0
732.15 0 0
733.05 0 0
733.95 0 0
734.85 0 0
735.75 0 0
736.65 0 0
737.55 0 0
738.45 0 0
739.35 0 0
740.25 0 0
741.15 0 0
742.05 0 0
742.95 0 0
743.85 0 0
744.75 0 0
745.65 0 0
746.55 0 0
747.45 0 0
748.35 0 0
749.25 0 0
750.15 0 0
751.05 0 0
751.95 0 0
752.85 0 0
753.75 0 0
754.65 0 0
755.55 0 0
756.45 0 0
757.35 0 0
758.25 0 0
759.15 0 0
760.05 0 0
760.95 0 0
761.85 0 0
762.75 0 0
763.65 0 0
764.55 0 0
765.45 0 0
766.35 0 0
767.25 0 0
768.15 0 0
769.05 0 0
769.95 0 0
770.85 0 0
771.75 0 0
772.65 0 0
773.55 0 0
774.45 0 0
775.35 0 0
776.25 0 0
777.15 0 0
778.05 0 0
778.95 0 0
779.85 0 0
780.75 0 0
781.65 0 0
782.55 0 0
783.45 0 0
784.35 0 0
785.25 0 0
786.15 0 0
787.05 0 0
787.95 0 0
788.85 0 0
789.75 0 0
790.65 0 0
791.55 0 0
792.45 0 0
793.35 0 0
794.25 0 0
795.15 0 0
796.05 0 0
796.95 0 0
797.85 0 0
798.75 0 0
799.65 0 0
800.55 0 0
801.45 0 0
802.35 0 0
803.25 0 0
804.15 0 0
805.05 0 0
805.95 0 0
806.85 0 0
807.75 0 0
808.65 0 0
809.55 0 0
810.45 0 0
811.35 0 0
812.25 0 0
813.15 0 0
814.05 0 0
814.95 0 0
815.85 0 0
816.75 0 0
817.65 0 0
818.55 0 0
819.45 0 0
820.35 0 0
821.25 0 0
822.15 0 0
823.05 0 0
823.95 0 0
824.85 0 0
825.75 0 0
826.65 0 0
827.55 0 0
828.45 0 0
829.35 0 0
830.25 0 0
831.15 0 0
832.05 0 0
832.95 0 0
833.85 0 0
834.75 0 0
835.65 0 0
836.55 0 0
837.45 0 0
838.35 0 0
839.25 0 0
840.15 0 0
841.05 0 0
841.95 0 0
842.85 0 0
843.75 0 0
844.65 0 0
845.55 0 0
846.45 0 0
847.35 0 0
848.25 0 0
849.15 0 0
850.05 0 0
850.95 0 0
851.85 0 0
852.75 0 0
853.65 0 0
854.55 0 0
855.45 0 0
856.35 0 0
857.25 0 0
858.15 0 0
859.05 0 0
859.95 0 0
860.85 0 0
861.75 0 0
862.65 0 0
863.55 0 0
864.45 0 0
865.35 0 0
866.25 0 0
867.15 0 0
868.05 0 0
868.95 0 0
869.85 0 0
870.75 0 0
871.65 0 0
872.55 0 0
873.45 0 0
874.35 0 0
875.25 0 0
876.15 0 0
877.05 0 0
877.95 0 0
878.85 0 0
879.75 0 0
880.65 0 0
881.55 0 0
882.45 0 0
883.35 0 0
884.25 0 0
885.15 0 0
886.05 0 0
886.95 0 0
887.85 0 0
888.75 0 0
889.65 0 0
890.55 0 0
891.45 0 0
892.35 0 0
893.25 0 0
894.15 0 0
895.05 0 0
895.95 0 0
896.85 0 0
897.75 0 0
898.65 0 0
899.55 0 0
