0.45 3313 57.5587
1.35 3534 59.4475
2.25 3433 58.5918
3.15 3354 57.9137
4.05 3399 58.3009
4.95 3401 58.3181
5.85 3341 57.8014
6.75 3302 57.463
7.65 3384 58.1722
8.55 3298 57.4282
9.45 3213 56.6833
10.35 3257 57.0701
11.25 3245 56.9649
12.15 3341 57.8014
13.05 3207 56.6304
13.95 3347 57.8533
14.85 3334 57.7408
15.75 3218 56.7274
16.65 3265 57.1402
17.55 3317 57.5934
18.45 3255 57.0526
19.35 3172 56.3205
20.25 3217 56.7186
21.15 3218 56.7274
22.05 3327 57.6802
22.95 3114 55.8032
23.85 3141 56.0446
24.75 3141 56.0446
25.65 3150 56.1249
26.55 2992 54.6992
27.45 3108 55.7494
28.35 3153 56.1516
29.25 3137 56.0089
30.15 3019 54.9454
31.05 3234 56.8683
31.95 3045 55.1815
32.85 3109 55.7584
33.75 3093 55.6147
34.65 3103 55.7046
35.55 3211 56.6657
36.45 3091 55.5968
37.35 3105 55.7225
38.25 2986 54.6443
39.15 3136 56
40.05 3081 55.5068
40.95 3038 55.1181
41.85 3059 55.3082
42.75 2998 54.754
43.65 3188 56.4624
44.55 3090 55.5878
45.45 3064 55.3534
46.35 3042 55.1543
47.25 3110 55.7674
48.15 3011 54.8726
49.05 3157 56.1872
49.95 3125 55.9017
50.85 3035 55.0908
51.75 3058 55.2992
52.65 3144 56.0714
53.55 3055 55.2721
54.45 3102 55.6956
55.35 3002 54.7905
56.25 2965 54.4518
57.15 2989 54.6717
58.05 2959 54.3967
58.95 2943 54.2494
59.85 2934 54.1664
60.75 2981 54.5985
61.65 2997 54.7449
62.55 2964 54.4426
63.45 2973 54.5252
64.35 2922 54.0555
65.25 3110 55.7674
66.15 2971 54.5069
67.05 3004 54.8088
67.95 2950 54.3139
68.85 3041 55.1453
69.75 3024 54.9909
70.65 3020 54.9545
71.55 2924 54.074
72.45 2932 54.1479
73.35 3029 55.0364
74.25 2945 54.2679
75.15 2920 54.037
76.05 2952 54.3323
76.95 3041 55.1453
77.85 2876 53.6284
78.75 2969 54.4885
79.65 2943 54.2494
80.55 3000 54.7723
81.45 3008 54.8452
82.35 2916 54
83.25 2972 54.5161
84.15 2999 54.7631
85.05 3034 55.0818
85.95 2899 53.8424
86.85 2900 53.8516
87.75 2862 53.4977
88.65 2944 54.2586
89.55 2938 54.2033
90.45 2930 54.1295
91.35 2827 53.1695
92.25 2870 53.5724
93.15 2869 53.563
94.05 2870 53.5724
94.95 2797 52.8867
95.85 2853 53.4135
96.75 2817 53.0754
97.65 2823 53.1319
98.55 2830 53.1977
99.45 2744 52.3832
100.35 2883 53.6936
101.25 2762 52.5547
102.15 2676 51.7301
103.05 2821 53.1131
103.95 2889 53.7494
104.85 2783 52.7541
105.75 2670 51.672
106.65 2753 52.469
107.55 2771 52.6403
108.45 2795 52.8678
109.35 2753 52.469
110.25 2837 53.2635
111.15 2828 53.1789
112.05 2716 52.1153
112.95 2761 52.5452
113.85 2905 53.8981
114.75 2751 52.45
115.65 2800 52.915
116.55 2603 51.0196
117.45 2631 51.2933
118.35 2680 51.7687
119.25 2636 51.342
120.15 2703 51.9904
121.05 2675 51.7204
121.95 2697 51.9326
122.85 2647 51.449
123.75 2578 50.774
124.65 2754 52.4786
125.55 2628 51.264
126.45 2553 50.5272
127.35 2703 51.9904
128.25 2725 52.2015
129.15 2741 52.3546
130.05 2604 51.0294
130.95 2672 51.6914
131.85 2643 51.4101
132.75 2622 51.2055
133.65 2564 50.636
134.55 2631 51.2933
135.45 2605 51.0392
136.35 2579 50.7839
137.25 2623 51.2152
138.15 2633 51.3128
139.05 2622 51.2055
139.95 2581 50.8035
140.85 2477 49.7695
141.75 2636 51.342
142.65 2526 50.2593
143.55 2603 51.0196
144.45 2541 50.4083
145.35 2654 51.517
146.25 2545 50.448
147.15 2540 50.3984
148.05 2583 50.8232
148.95 2526 50.2593
149.85 2501 50.01
150.75 2554 50.5371
151.65 2610 51.0882
152.55 2492 49.9199
153.45 2525 50.2494
154.35 2513 50.1298
155.25 2471 49.7092
156.15 2477 49.7695
157.05 2582 50.8134
157.95 2539 50.3885
158.85 2476 49.7594
159.75 2480 49.7996
160.65 2535 50.3488
161.55 2637 51.3517
162.45 2557 50.5668
163.35 2479 49.7896
164.25 2538 50.3786
165.15 2553 50.5272
166.05 2543 50.4282
166.95 2546 50.4579
167.85 2559 50.5866
168.75 2612 51.1077
169.65 2507 50.07
170.55 2592 50.9117
171.45 2567 50.6656
172.35 2568 50.6754
173.25 2594 50.9313
174.15 2449 49.4874
175.05 2460 49.5984
175.95 2508 50.0799
176.85 2573 50.7247
177.75 2377 48.7545
178.65 2450 49.4975
179.55 2522 50.2195
180.45 2477 49.7695
181.35 2459 49.5883
182.25 2517 50.1697
183.15 2427 49.2646
184.05 2514 50.1398
184.95 2452 49.5177
185.85 2424 49.2341
186.75 2444 49.4368
187.65 2416 49.1528
188.55 2389 48.8774
189.45 2391 48.8979
190.35 2562 50.6162
191.25 2430 49.295
192.15 2418 49.1732
193.05 2465 49.6488
193.95 2467 49.6689
194.85 2469 49.689
195.75 2397 48.9592
196.65 2471 49.7092
197.55 2398 48.9694
198.45 2401 49
199.35 2471 49.7092
200.25 2431 49.3052
201.15 2368 48.6621
202.05 2416 49.1528
202.95 2487 49.8698
203.85 2450 49.4975
204.75 2453 49.5278
205.65 2441 49.4065
206.55 2534 50.3389
207.45 2413 49.1223
208.35 2366 48.6415
209.25 2371 48.6929
210.15 2380 48.7852
211.05 2431 49.3052
211.95 2437 49.366
212.85 2421 49.2037
213.75 2392 48.9081
214.65 2388 48.8672
215.55 2495 49.95
216.45 2374 48.7237
217.35 2446 49.4571
218.25 2369 48.6724
219.15 2314 48.1041
220.05 2287 47.8226
220.95 2365 48.6313
221.85 2374 48.7237
222.75 2364 48.621
223.65 2397 48.9592
224.55 2365 48.6313
225.45 2355 48.5283
226.35 2313 48.0937
227.25 2360 48.5798
228.15 2319 48.156
229.05 2303 47.9896
229.95 2351 48.4871
230.85 2290 47.8539
231.75 2220 47.1169
232.65 2406 49.051
233.55 2416 49.1528
234.45 2346 48.4355
235.35 2352 48.4974
236.25 2338 48.3529
237.15 2382 48.8057
238.05 2329 48.2597
238.95 2216 47.0744
239.85 2261 47.55
240.75 2302 47.9792
241.65 2365 48.6313
242.55 2267 47.613
243.45 2315 48.1144
244.35 2338 48.3529
245.25 2298 47.9375
246.15 2324 48.2079
247.05 2189 46.7868
247.95 2292 47.8748
248.85 2326 48.2286
249.75 2322 48.1871
250.65 2290 47.8539
251.55 2271 47.655
252.45 2314 48.1041
253.35 2245 47.3814
254.25 2319 48.156
255.15 2279 47.7389
256.05 2274 47.6865
256.95 2315 48.1144
257.85 2261 47.55
258.75 2299 47.9479
259.65 2274 47.6865
260.55 2172 46.6047
261.45 2227 47.1911
262.35 2311 48.0729
263.25 2221 47.1275
264.15 2221 47.1275
265.05 2266 47.6025
265.95 2193 46.8295
266.85 2266 47.6025
267.75 2247 47.4025
268.65 2233 47.2546
269.55 2225 47.1699
270.45 2203 46.9361
271.35 2235 47.2758
272.25 2231 47.2335
273.15 2263 47.571
274.05 2184 46.7333
274.95 2215 47.0638
275.85 2186 46.7547
276.75 2312 48.0833
277.65 2264 47.5815
278.55 2209 47
279.45 2260 47.5395
280.35 2196 46.8615
281.25 2203 46.9361
282.15 2192 46.8188
283.05 2282 47.7703
283.95 2230 47.2229
284.85 2279 47.7389
285.75 2269 47.634
286.65 2273 47.676
287.55 2250 47.4342
288.45 2236 47.2864
289.35 2182 46.7119
290.25 2205 46.9574
291.15 2275 47.697
292.05 2175 46.6369
292.95 2167 46.551
293.85 2123 46.076
294.75 2103 45.8585
295.65 2218 47.0956
296.55 2234 47.2652
297.45 2119 46.0326
298.35 2179 46.6798
299.25 2268 47.6235
300.15 2196 46.8615
301.05 2218 47.0956
301.95 2236 47.2864
302.85 2118 46.0217
303.75 2111 45.9456
304.65 2156 46.4327
305.55 2187 46.7654
306.45 2080 45.607
307.35 2101 45.8367
308.25 2134 46.1952
309.15 2181 46.7012
310.05 2149 46.3573
310.95 2187 46.7654
311.85 2233 47.2546
312.75 2161 46.4866
313.65 2056 45.3431
314.55 2075 45.5522
315.45 2034 45.0999
316.35 2127 46.1194
317.25 2126 46.1086
318.15 2175 46.6369
319.05 2209 47
319.95 2131 46.1628
320.85 2180 46.6905
321.75 2193 46.8295
322.65 2095 45.7712
323.55 2205 46.9574
324.45 2129 46.1411
325.35 2223 47.1487
326.25 2108 45.913
327.15 2165 46.5296
328.05 2022 44.9667
328.95 2225 47.1699
329.85 2097 45.793
330.75 2194 46.8402
331.65 2176 46.6476
332.55 2115 45.9891
333.45 2092 45.7384
334.35 2052 45.299
335.25 2049 45.2659
336.15 2090 45.7165
337.05 2087 45.6837
337.95 2062 45.4093
338.85 2108 45.913
339.75 2106 45.8912
340.65 2228 47.2017
341.55 2046 45.2327
342.45 2200 46.9042
343.35 2001 44.7325
344.25 2192 46.8188
345.15 2144 46.3033
346.05 2179 46.6798
346.95 2083 45.6399
347.85 2131 46.1628
348.75 2040 45.1664
349.65 2144 46.3033
350.55 2154 46.4112
351.45 2059 45.3762
352.35 2114 45.9783
353.25 2082 45.6289
354.15 2092 45.7384
355.05 2051 45.288
355.95 2138 46.2385
356.85 2032 45.0777
357.75 2095 45.7712
358.65 2068 45.4753
359.55 2052 45.299
360.45 2052 45.299
361.35 2164 46.5188
362.25 2070 45.4973
363.15 2023 44.9778
364.05 2025 45
364.95 2095 45.7712
365.85 2021 44.9555
366.75 2114 45.9783
367.65 2071 45.5082
368.55 2093 45.7493
369.45 2006 44.7884
370.35 2024 44.9889
371.25 2073 45.5302
372.15 2203 46.9361
373.05 2040 45.1664
373.95 2083 45.6399
374.85 2055 45.3321
375.75 2040 45.1664
376.65 2106 45.8912
377.55 2040 45.1664
378.45 2043 45.1996
379.35 2046 45.2327
380.25 2153 46.4004
381.15 2034 45.0999
382.05 2174 46.6262
382.95 2008 44.8107
383.85 2039 45.1553
384.75 2099 45.8148
385.65 2115 45.9891
386.55 2084 45.6508
387.45 2016 44.8999
388.35 2074 45.5412
389.25 2077 45.5741
390.15 2079 45.5961
391.05 2049 45.2659
391.95 2043 45.1996
392.85 2023 44.9778
393.75 2113 45.9674
394.65 2131 46.1628
395.55 2036 45.1221
396.45 2058 45.3652
397.35 2060 45.3872
398.25 2056 45.3431
399.15 2077 45.5741
400.05 2046 45.2327
400.95 2081 45.618
401.85 2026 45.0111
402.75 2028 45.0333
403.65 2131 46.1628
404.55 2037 45.1331
405.45 2036 45.1221
406.35 2104 45.8694
407.25 2118 46.0217
408.15 2092 45.7384
409.05 2117 46.0109
409.95 2051 45.288
410.85 2107 45.9021
411.75 2039 45.1553
412.65 2082 45.6289
413.55 2018 44.9222
414.45 2055 45.3321
415.35 2107 45.9021
416.25 2122 46.0652
417.15 2064 45.4313
418.05 2005 44.7772
418.95 2129 46.1411
419.85 2088 45.6946
420.75 2050 45.2769
421.65 2105 45.8803
422.55 2079 45.5961
423.45 2041 45.1774
424.35 2074 45.5412
425.25 2080 45.607
426.15 2088 45.6946
427.05 2051 45.288
427.95 2123 46.076
428.85 2107 45.9021
429.75 2103 45.8585
430.65 2162 46.4973
431.55 2088 45.6946
432.45 2137 46.2277
433.35 2133 46.1844
434.25 2098 45.8039
435.15 2138 46.2385
436.05 2111 45.9456
436.95 2095 45.7712
437.85 2100 45.8258
438.75 2158 46.4543
439.65 2125 46.0977
440.55 2194 46.8402
441.45 2160 46.4758
442.35 2185 46.744
443.25 2148 46.3465
444.15 2088 45.6946
445.05 2097 45.793
445.95 2159 46.465
446.85 2182 46.7119
447.75 2178 46.669
448.65 2164 46.5188
449.55 2156 46.4327
450.45 2230 47.2229
451.35 2176 46.6476
452.25 2156 46.4327
453.15 2142 46.2817
454.05 2101 45.8367
454.95 2181 46.7012
455.85 2146 46.3249
456.75 2145 46.3141
457.65 2039 45.1553
458.55 2147 46.3357
459.45 2173 46.6154
460.35 2279 47.7389
461.25 2104 45.8694
462.15 2220 47.1169
463.05 2160 46.4758
463.95 2209 47
464.85 2149 46.3573
465.75 2235 47.2758
466.65 2199 46.8935
467.55 2190 46.7974
468.45 2195 46.8508
469.35 2116 46
470.25 2161 46.4866
471.15 2276 47.7074
472.05 2179 46.6798
472.95 2213 47.0425
473.85 2204 46.9468
474.75 2187 46.7654
475.65 2241 47.3392
476.55 2214 47.0532
477.45 2212 47.0319
478.35 2289 47.8435
479.25 2253 47.4658
480.15 2248 47.4131
481.05 2228 47.2017
481.95 2282 47.7703
482.85 2286 47.8121
483.75 2275 47.697
484.65 2260 47.5395
485.55 2263 47.571
486.45 2284 47.7912
487.35 2303 47.9896
488.25 2317 48.1352
489.15 2335 48.3218
490.05 2298 47.9375
490.95 2285 47.8017
491.85 2310 48.0625
492.75 2356 48.5386
493.65 2380 48.7852
494.55 2371 48.6929
495.45 2322 48.1871
496.35 2353 48.5077
497.25 2432 49.3153
498.15 2456 49.558
499.05 2331 48.2804
499.95 2369 48.6724
500.85 2423 49.224
501.75 2384 48.8262
502.65 2354 48.518
503.55 2304 48
504.45 2462 49.6185
505.35 2474 49.7393
506.25 2477 49.7695
507.15 2418 49.1732
508.05 2428 49.2747
508.95 2393 48.9183
509.85 2463 49.6286
510.75 2534 50.3389
511.65 2488 49.8799
512.55 2565 50.6458
513.45 2438 49.3761
514.35 2432 49.3153
515.25 2528 50.2792
516.15 2510 50.0999
517.05 2548 50.4777
517.95 2521 50.2096
518.85 2585 50.8429
519.75 2548 50.4777
520.65 2549 50.4876
521.55 2633 51.3128
522.45 2526 50.2593
523.35 2537 50.3686
524.25 2635 51.3323
525.15 2650 51.4782
526.05 2615 51.1371
526.95 2540 50.3984
527.85 2548 50.4777
528.75 2661 51.5849
529.65 2644 51.4198
530.55 2577 50.7642
531.45 2624 51.225
532.35 2675 51.7204
533.25 2721 52.1632
534.15 2653 51.5073
535.05 2603 51.0196
535.95 2804 52.9528
536.85 2688 51.8459
537.75 2695 51.9134
538.65 2814 53.0471
539.55 2743 52.3737
540.45 2732 52.2685
541.35 2784 52.7636
542.25 2781 52.7352
543.15 2781 52.7352
544.05 2803 52.9434
544.95 2781 52.7352
545.85 2950 54.3139
546.75 2820 53.1037
547.65 2880 53.6656
548.55 2921 54.0463
549.45 2864 53.5164
550.35 2914 53.9815
551.25 2903 53.8795
552.15 2991 54.69
553.05 2887 53.7308
553.95 2875 53.619
554.85 2927 54.1018
555.75 3063 55.3444
556.65 3006 54.827
557.55 2967 54.4702
558.45 3086 55.5518
559.35 3193 56.5066
560.25 3077 55.4707
561.15 3082 55.5158
562.05 3172 56.3205
562.95 3091 55.5968
563.85 3121 55.8659
564.75 3163 56.2406
565.65 3193 56.5066
566.55 3202 56.5862
567.45 3272 57.2014
568.35 3301 57.4543
569.25 3274 57.2189
570.15 3198 56.5509
571.05 3275 57.2276
571.95 3348 57.8619
572.85 3251 57.0175
573.75 3273 57.2101
574.65 3366 58.0172
575.55 3402 58.3267
576.45 3326 57.6715
577.35 3478 58.9746
578.25 3443 58.6771
579.15 3423 58.5064
580.05 3460 58.8218
580.95 3560 59.6657
581.85 3519 59.3212
582.75 3683 60.6877
583.65 3623 60.1914
584.55 3688 60.7289
585.45 3687 60.7207
586.35 3729 61.0655
587.25 3713 60.9344
588.15 3704 60.8605
589.05 3676 60.63
589.95 3783 61.5061
590.85 3855 62.0886
591.75 3851 62.0564
592.65 3804 61.6766
593.55 3799 61.636
594.45 3965 62.9682
595.35 3904 62.482
596.25 3958 62.9126
597.15 3850 62.0484
598.05 3981 63.0952
598.95 3993 63.1902
599.85 4136 64.3117
600.75 4228 65.0231
601.65 4060 63.7181
602.55 4130 64.2651
603.45 4296 65.5439
604.35 4271 65.3529
605.25 4302 65.5896
606.15 4263 65.2917
607.05 4381 66.1891
607.95 4309 65.643
608.85 4332 65.8179
609.75 4428 66.5432
610.65 4344 65.909
611.55 4253 65.215
612.45 4383 66.2042
613.35 4188 64.7148
614.25 4236 65.0846
615.15 3856 62.0967
616.05 2668 51.6527
616.95 1562 39.5221
617.85 1150 33.9116
618.75 998 31.5911
619.65 864 29.3939
620.55 846 29.0861
621.45 839 28.9655
622.35 739 27.1846
623.25 759 27.55
624.15 721 26.8514
625.05 750 27.3861
625.95 712 26.6833
626.85 623 24.96
627.75 610 24.6982
628.65 653 25.5539
629.55 611 24.7184
630.45 644 25.3772
631.35 632 25.1396
632.25 582 24.1247
633.15 614 24.779
634.05 555 23.5584
634.95 618 24.8596
635.85 581 24.1039
636.75 621 24.9199
637.65 581 24.1039
638.55 577 24.0208
639.45 584 24.1661
640.35 573 23.9374
641.25 547 23.388
642.15 547 23.388
643.05 589 24.2693
643.95 593 24.3516
644.85 554 23.5372
645.75 534 23.1084
646.65 549 23.4307
647.55 559 23.6432
648.45 515 22.6936
649.35 549 23.4307
650.25 507 22.5167
651.15 507 22.5167
652.05 547 23.388
652.95 546 23.3666
653.85 501 22.383
654.75 549 23.4307
655.65 471 21.7025
656.55 471 21.7025
657.45 488 22.0907
658.35 547 23.388
659.25 509 22.561
660.15 505 22.4722
661.05 500 22.3607
661.95 528 22.9783
662.85 471 21.7025
663.75 462 21.4942
664.65 510 22.5832
665.55 503 22.4277
666.45 493 22.2036
667.35 479 21.8861
668.25 496 22.2711
669.15 487 22.0681
670.05 500 22.3607
670.95 509 22.561
671.85 493 22.2036
672.75 488 22.0907
673.65 467 21.6102
674.55 471 21.7025
675.45 471 21.7025
676.35 462 21.4942
677.25 442 21.0238
678.15 437 20.9045
679.05 466 21.587
679.95 474 21.7715
680.85 425 20.6155
681.75 409 20.2237
682.65 432 20.7846
683.55 406 20.1494
684.45 403 20.0749
685.35 400 20
686.25 442 21.0238
687.15 394 19.8494
688.05 350 18.7083
688.95 366 19.1311
689.85 342 18.4932
690.75 360 18.9737
691.65 321 17.9165
692.55 285 16.8819
693.45 296 17.2047
694.35 259 16.0935
695.25 269 16.4012
696.15 236 15.3623
697.05 216 14.6969
697.95 190 13.784
698.85 169 13
699.75 129 11.3578
700.65 133 11.5326
701.55 115 10.7238
702.45 114 10.6771
703.35 107 10.3441
704.25 113 10.6301
705.15 90 9.48683
706.05 88 9.38083
706.95 73 8.544
707.85 98 9.89949
708.75 86 9.27362
709.65 80 8.94427
710.55 88 9.38083
711.45 67 8.18535
712.35 85 9.21954
713.25 84 9.16515
714.15 85 9.21954
715.05 66 8.12404
715.95 67 8.18535
716.85 66 8.12404
717.75 53 7.28011
718.65 57 7.54983
719.55 60 7.74597
720.45 51 7.14143
721.35 48 6.9282
722.25 39 6.245
723.15 51 7.14143
724.05 41 6.40312
724.95 38 6.16441
725.85 27 5.19615
726.75 30 5.47723
727.65 38 6.16441
728.55 26 5.09902
729.45 28 5.2915
730.35 20 4.47214
731.25 17 4.12311
732.15 21 4.58258
733.05 19 4.3589
733.95 12 3.4641
734.85 17 4.12311
735.75 5 2.23607
736.65 12 3.4641
737.55 12 3.4641
738.45 8 2.82843
739.35 14 3.74166
740.25 9 3
741.15 7 2.64575
742.05 9 3
742.95 6 2.44949
743.85 6 2.44949
744.75 6 2.44949
745.65 3 1.73205
746.55 3 1.73205
747.45 5 2.23607
748.35 6 2.44949
749.25 0 0
750.15 2 1.41421
751.05 1 1
751.95 4 2
752.85 3 1.73205
753.75 1 1
754.65 1 1
755.55 0 0
756.45 0 0
757.35 1 1
758.25 0 0
759.15 1 1
760.05 1 1
760.95 0 0
761.85 1 1
762.75 0 0
763.65 0 0
764.55 0 0
765.45 1 1
766.35 1 1
767.25 0 0
768.15 0 0
769.05 0 0
769.95 0 0
770.85 1 1
771.75 0 0
772.65 1 1
773.55 0 0
774.45 0 0
775.35 0 0
776.25 0 0
777.15 0 0
778.05 0 0
778.95 0 0
779.85 0 0
780.75 0 0
781.65 0 0
782.55 0 0
783.45 0 0
784.35 0 0
785.25 1 1
786.15 0 0
787.05 0 0
787.95 0 0
788.85 0 0
789.75 0 0
790.65 0 0
791.55 0 0
792.45 0 0
793.35 0 0
794.25 0 0
795.15 0 0
796.05 0 0
796.95 1 1
797.85 0 0
798.75 0 0
799.65 0 0
800.55 0 0
801.45 0 0
802.35 0 0
803.25 0 0
804.15 0 0
805.05 0 0
805.95 0 0
806.85 1 1
807.75 0 0
808.65 0 0
809.55 0 0
810.45 121 11
811.35 0 0
812.25 0 0
813.15 0 0
814.05 0 0
814.95 0 0
815.85 0 0
816.75 0 0
817.65 0 0
818.55 0 0
819.45 0 0
820.35 0 0
821.25 0 0
822.15 0 0
823.05 0 0
823.95 0 0
824.85 0 0
825.75 0 0
826.65 0 0
827.55 0 0
828.45 0 0
829.35 0 0
830.25 0 0
831.15 0 0
832.05 0 0
832.95 0 0
833.85 0 0
834.75 0 0
835.65 0 0
836.55 0 0
837.45 0 0
838.35 0 0
839.25 0 0
840.15 0 0
841.05 0 0
841.95 0 0
842.85 0 0
843.75 0 0
844.65 0 0
845.55 0 0
846.45 0 0
847.35 0 0
848.25 0 0
849.15 0 0
850.05 0 0
850.95 0 0
851.85 0 0
852.75 0 0
853.65 0 0
854.55 0 0
855.45 0 0
856.35 0 0
857.25 0 0
858.15 0 0
859.05 0 0
859.95 0 0
860.85 0 0
861.75 0 0
862.65 0 0
863.55 0 0
864.45 0 0
865.35 0 0
866.25 0 0
867.15 0 0
868.05 0 0
868.95 0 0
869.85 0 0
870.75 0 0
871.65 0 0
872.55 0 0
873.45 0 0
874.35 0 0
875.25 0 0
876.15 0 0
877.05 0 0
877.95 0 0
878.85 0 0
879.75 0 0
880.65 0 0
881.55 0 0
882.45 0 0
883.35 0 0
884.25 0 0
885.15 0 0
886.05 0 0
886.95 0 0
887.85 0 0
888.75 0 0
889.65 0 0
890.55 0 0
891.45 0 0
892.35 0 0
893.25 0 0
894.15 0 0
895.05 0 0
895.95 0 0
896.85 0 0
897.75 0 0
898.65 0 0
899.55 0 0
