0.45 1759 41.9404
1.35 1769 42.0595
2.25 1798 42.4028
3.15 1888 43.4511
4.05 1889 43.4626
4.95 1830 42.7785
5.85 1824 42.7083
6.75 1816 42.6146
7.65 1835 42.8369
8.55 1706 41.3038
9.45 1756 41.9047
10.35 1767 42.0357
11.25 1755 41.8927
12.15 1766 42.0238
13.05 1714 41.4005
13.95 1763 41.9881
14.85 1758 41.9285
15.75 1826 42.7317
16.65 1712 41.3763
17.55 1667 40.8289
18.45 1767 42.0357
19.35 1728 41.5692
20.25 1756 41.9047
21.15 1797 42.391
22.05 1748 41.8091
22.95 1742 41.7373
23.85 1677 40.9512
24.75 1738 41.6893
25.65 1760 41.9524
26.55 1717 41.4367
27.45 1765 42.0119
28.35 1661 40.7554
29.25 1757 41.9166
30.15 1686 41.0609
31.05 1709 41.3401
31.95 1717 41.4367
32.85 1636 40.4475
33.75 1739 41.7013
34.65 1625 40.3113
35.55 1642 40.5216
36.45 1692 41.1339
37.35 1678 40.9634
38.25 1728 41.5692
39.15 1708 41.328
40.05 1715 41.4126
40.95 1634 40.4228
41.85 1665 40.8044
42.75 1615 40.1871
43.65 1639 40.4846
44.55 1693 41.1461
45.45 1621 40.2616
46.35 1604 40.05
47.25 1651 40.6325
48.15 1680 40.9878
49.05 1567 39.5854
49.95 1660 40.7431
50.85 1546 39.3192
51.75 1604 40.05
52.65 1658 40.7185
53.55 1628 40.3485
54.45 1681 41
55.35 1630 40.3733
56.25 1650 40.6202
57.15 1656 40.694
58.05 1585 39.8121
58.95 1630 40.3733
59.85 1700 41.2311
60.75 1666 40.8167
61.65 1544 39.2938
62.55 1607 40.0874
63.45 1565 39.5601
64.35 1531 39.128
65.25 1615 40.1871
66.15 1657 40.7063
67.05 1602 40.025
67.95 1693 41.1461
68.85 1638 40.4722
69.75 1632 40.398
70.65 1656 40.694
71.55 1563 39.5348
72.45 1592 39.8999
73.35 1549 39.3573
74.25 1666 40.8167
75.15 1509 38.8458
76.05 1624 40.2989
76.95 1585 39.8121
77.85 1608 40.0999
78.75 1576 39.6989
79.65 1568 39.598
80.55 1560 39.4968
81.45 1565 39.5601
82.35 1618 40.2244
83.25 1536 39.1918
84.15 1571 39.6358
85.05 1516 38.9358
85.95 1464 38.2623
86.85 1569 39.6106
87.75 1548 39.3446
88.65 1497 38.6911
89.55 1516 38.9358
90.45 1507 38.8201
91.35 1505 38.7943
92.25 1514 38.9102
93.15 1554 39.4208
94.05 1547 39.3319
94.95 1508 38.833
95.85 1497 38.6911
96.75 1464 38.2623
97.65 1510 38.8587
98.55 1451 38.092
99.45 1503 38.7685
100.35 1524 39.0384
101.25 1529 39.1024
102.15 1494 38.6523
103.05 1478 38.4448
103.95 1506 38.8072
104.85 1499 38.7169
105.75 1491 38.6135
106.65 1410 37.55
107.55 1458 38.1838
108.45 1435 37.8814
109.35 1447 38.0395
110.25 1366 36.9594
111.15 1445 38.0132
112.05 1397 37.3765
112.95 1434 37.8682
113.85 1410 37.55
114.75 1424 37.7359
115.65 1461 38.223
116.55 1398 37.3898
117.45 1491 38.6135
118.35 1376 37.0945
119.25 1381 37.1618
120.15 1414 37.6032
121.05 1417 37.6431
121.95 1412 37.5766
122.85 1396 37.3631
123.75 1369 37
124.65 1385 37.2156
125.55 1423 37.7227
126.45 1359 36.8646
127.35 1362 36.9053
128.25 1401 37.4299
129.15 1378 37.1214
130.05 1362 36.9053
130.95 1366 36.9594
131.85 1412 37.5766
132.75 1365 36.9459
133.65 1354 36.7967
134.55 1369 37
135.45 1384 37.2022
136.35 1376 37.0945
137.25 1312 36.2215
138.15 1398 37.3898
139.05 1345 36.6742
139.95 1371 37.027
140.85 1415 37.6165
141.75 1318 36.3043
142.65 1285 35.8469
143.55 1367 36.973
144.45 1412 37.5766
145.35 1369 37
146.25 1308 36.1663
147.15 1320 36.3318
148.05 1342 36.6333
148.95 1322 36.3593
149.85 1362 36.9053
150.75 1339 36.5923
151.65 1267 35.5949
152.55 1323 36.3731
153.45 1334 36.524
154.35 1327 36.428
155.25 1317 36.2905
156.15 1335 36.5377
157.05 1325 36.4005
157.95 1288 35.8887
158.85 1281 35.7911
159.75 1276 35.7211
160.65 1340 36.606
161.55 1357 36.8375
162.45 1360 36.8782
163.35 1313 36.2353
164.25 1289 35.9026
165.15 1307 36.1525
166.05 1312 36.2215
166.95 1231 35.0856
167.85 1248 35.327
168.75 1300 36.0555
169.65 1286 35.8608
170.55 1312 36.2215
171.45 1263 35.5387
172.35 1245 35.2846
173.25 1314 36.2491
174.15 1298 36.0278
175.05 1331 36.4829
175.95 1243 35.2562
176.85 1195 34.5688
177.75 1281 35.7911
178.65 1302 36.0832
179.55 1301 36.0694
180.45 1300 36.0555
181.35 1322 36.3593
182.25 1271 35.6511
183.15 1274 35.6931
184.05 1305 36.1248
184.95 1213 34.8281
185.85 1261 35.5106
186.75 1229 35.0571
187.65 1371 37.027
188.55 1265 35.5668
189.45 1323 36.3731
190.35 1337 36.565
191.25 1247 35.3129
192.15 1283 35.819
193.05 1266 35.5809
193.95 1205 34.7131
194.85 1251 35.3695
195.75 1242 35.242
196.65 1214 34.8425
197.55 1305 36.1248
198.45 1267 35.5949
199.35 1283 35.819
200.25 1248 35.327
201.15 1261 35.5106
202.05 1272 35.6651
202.95 1218 34.8999
203.85 1269 35.623
204.75 1229 35.0571
205.65 1262 35.5246
206.55 1224 34.9857
207.45 1233 35.1141
208.35 1270 35.6371
209.25 1245 35.2846
210.15 1204 34.6987
211.05 1203 34.6843
211.95 1179 34.3366
212.85 1260 35.4965
213.75 1230 35.0714
214.65 1163 34.1028
215.55 1215 34.8569
216.45 1214 34.8425
217.35 1172 34.2345
218.25 1217 34.8855
219.15 1201 34.6554
220.05 1243 35.2562
220.95 1210 34.7851
221.85 1242 35.242
222.75 1184 34.4093
223.65 1235 35.1426
224.55 1187 34.4529
225.45 1191 34.5109
226.35 1164 34.1174
227.25 1191 34.5109
228.15 1222 34.9571
229.05 1164 34.1174
229.95 1167 34.1614
230.85 1168 34.176
231.75 1245 35.2846
232.65 1203 34.6843
233.55 1116 33.4066
234.45 1260 35.4965
235.35 1196 34.5832
236.25 1219 34.9142
237.15 1180 34.3511
238.05 1203 34.6843
238.95 1222 34.9571
239.85 1174 34.2637
240.75 1180 34.3511
241.65 1157 34.0147
242.55 1160 34.0588
243.45 1214 34.8425
244.35 1225 35
245.25 1204 34.6987
246.15 1153 33.9559
247.05 1168 34.176
247.95 1143 33.8083
248.85 1213 34.8281
249.75 1147 33.8674
250.65 1220 34.9285
251.55 1127 33.5708
252.45 1181 34.3657
253.35 1162 34.0881
254.25 1158 34.0294
255.15 1136 33.7046
256.05 1129 33.6006
256.95 1154 33.9706
257.85 1179 34.3366
258.75 1199 34.6266
259.65 1129 33.6006
260.55 1074 32.7719
261.45 1165 34.1321
262.35 1137 33.7194
263.25 1153 33.9559
264.15 1177 34.3074
265.05 1143 33.8083
265.95 1095 33.0908
266.85 1095 33.0908
267.75 1139 33.7491
268.65 1123 33.5112
269.55 1154 33.9706
270.45 1114 33.3766
271.35 1165 34.1321
272.25 1169 34.1906
273.15 1126 33.5559
274.05 1135 33.6898
274.95 1131 33.6303
275.85 1093 33.0606
276.75 1051 32.4191
277.65 1110 33.3167
278.55 1101 33.1813
279.45 1192 34.5254
280.35 1145 33.8378
281.25 1147 33.8674
282.15 1132 33.6452
283.05 1140 33.7639
283.95 1077 32.8177
284.85 1182 34.3802
285.75 1140 33.7639
286.65 1135 33.6898
287.55 1141 33.7787
288.45 1085 32.9393
289.35 1102 33.1964
290.25 1163 34.1028
291.15 1099 33.1512
292.05 1128 33.5857
292.95 1171 34.2199
293.85 1124 33.5261
294.75 1060 32.5576
295.65 1137 33.7194
296.55 1146 33.8526
297.45 1141 33.7787
298.35 1170 34.2053
299.25 1088 32.9848
300.15 1169 34.1906
301.05 1125 33.541
301.95 1075 32.7872
302.85 1096 33.1059
303.75 1207 34.7419
304.65 1114 33.3766
305.55 1124 33.5261
306.45 1110 33.3167
307.35 1103 33.2114
308.25 1139 33.7491
309.15 1158 34.0294
310.05 1130 33.6155
310.95 1070 32.7109
311.85 1109 33.3017
312.75 1133 33.6601
313.65 1108 33.2866
314.55 1133 33.6601
315.45 1141 33.7787
316.35 1174 34.2637
317.25 1105 33.2415
318.15 1147 33.8674
319.05 1140 33.7639
319.95 1134 33.6749
320.85 1072 32.7414
321.75 1114 33.3766
322.65 1130 33.6155
323.55 1136 33.7046
324.45 1138 33.7343
325.35 1143 33.8083
326.25 1147 33.8674
327.15 1116 33.4066
328.05 1088 32.9848
328.95 1133 33.6601
329.85 1108 33.2866
330.75 1139 33.7491
331.65 1142 33.7935
332.55 1154 33.9706
333.45 1136 33.7046
334.35 1137 33.7194
335.25 1110 33.3167
336.15 1173 34.2491
337.05 1119 33.4515
337.95 1166 34.1467
338.85 1147 33.8674
339.75 1109 33.3017
340.65 1131 33.6303
341.55 1124 33.5261
342.45 1136 33.7046
343.35 1179 34.3366
344.25 1142 33.7935
345.15 1218 34.8999
346.05 1109 33.3017
346.95 1161 34.0735
347.85 1141 33.7787
348.75 1131 33.6303
349.65 1164 34.1174
350.55 1217 34.8855
351.45 1188 34.4674
352.35 1181 34.3657
353.25 1194 34.5543
354.15 1184 34.4093
355.05 1165 34.1321
355.95 1194 34.5543
356.85 1231 35.0856
357.75 1223 34.9714
358.65 1158 34.0294
359.55 1153 33.9559
360.45 1191 34.5109
361.35 1168 34.176
362.25 1181 34.3657
363.15 1176 34.2929
364.05 1161 34.0735
364.95 1206 34.7275
365.85 1173 34.2491
366.75 1143 33.8083
367.65 1220 34.9285
368.55 1228 35.0428
369.45 1175 34.2783
370.35 1256 35.4401
371.25 1229 35.0571
372.15 1214 34.8425
373.05 1273 35.6791
373.95 1200 34.641
374.85 1219 34.9142
375.75 1285 35.8469
376.65 1260 35.4965
377.55 1300 36.0555
378.45 1207 34.7419
379.35 1340 36.606
380.25 1243 35.2562
381.15 1213 34.8281
382.05 1235 35.1426
382.95 1269 35.623
383.85 1215 34.8569
384.75 1244 35.2704
385.65 1262 35.5246
386.55 1264 35.5528
387.45 1312 36.2215
388.35 1265 35.5668
389.25 1356 36.8239
390.15 1257 35.4542
391.05 1298 36.0278
391.95 1254 35.4119
392.85 1336 36.5513
393.75 1321 36.3456
394.65 1248 35.327
395.55 1304 36.1109
396.45 1297 36.0139
397.35 1290 35.9166
398.25 1319 36.318
399.15 1263 35.5387
400.05 1315 36.2629
400.95 1377 37.108
401.85 1320 36.3318
402.75 1372 37.0405
403.65 1350 36.7423
404.55 1353 36.7831
405.45 1354 36.7967
406.35 1373 37.054
407.25 1417 37.6431
408.15 1433 37.855
409.05 1405 37.4833
409.95 1385 37.2156
410.85 1440 37.9473
411.75 1450 38.0789
412.65 1434 37.8682
413.55 1528 39.0896
414.45 1467 38.3014
415.35 1411 37.5633
416.25 1479 38.4578
417.15 1440 37.9473
418.05 1409 37.5366
418.95 1449 38.0657
419.85 1511 38.8716
420.75 1514 38.9102
421.65 1509 38.8458
422.55 1531 39.128
423.45 1529 39.1024
424.35 1555 39.4335
425.25 1555 39.4335
426.15 1524 39.0384
427.05 1450 38.0789
427.95 1547 39.3319
428.85 1559 39.4842
429.75 1577 39.7115
430.65 1620 40.2492
431.55 1622 40.2741
432.45 1628 40.3485
433.35 1586 39.8246
434.25 1679 40.9756
435.15 1648 40.5956
436.05 1651 40.6325
436.95 1661 40.7554
437.85 1611 40.1373
438.75 1657 40.7063
439.65 1731 41.6053
440.55 1670 40.8656
441.45 1734 41.6413
442.35 1689 41.0974
443.25 1647 40.5832
444.15 1789 42.2966
445.05 1745 41.7732
445.95 1815 42.6028
446.85 1777 42.1545
447.75 1818 42.638
448.65 1787 42.2729
449.55 1809 42.5323
450.45 1792 42.332
451.35 1830 42.7785
452.25 1840 42.8952
453.15 1919 43.8064
454.05 1846 42.9651
454.95 1877 43.3244
455.85 1910 43.7035
456.75 1930 43.9318
457.65 1934 43.9773
458.55 1962 44.2945
459.45 1930 43.9318
460.35 2038 45.1442
461.25 1932 43.9545
462.15 1997 44.6878
463.05 2171 46.594
463.95 1975 44.441
464.85 2105 45.8803
465.75 2069 45.4863
466.65 2170 46.5833
467.55 2084 45.6508
468.45 2191 46.8081
469.35 2148 46.3465
470.25 2223 47.1487
471.15 2159 46.465
472.05 2138 46.2385
472.95 2220 47.1169
473.85 2224 47.1593
474.75 2236 47.2864
475.65 2273 47.676
476.55 2263 47.571
477.45 2308 48.0416
478.35 2342 48.3942
479.25 2387 48.8569
480.15 2390 48.8876
481.05 2303 47.9896
481.95 2277 47.7179
482.85 2354 48.518
483.75 2280 47.7493
484.65 2066 45.4533
485.55 1372 37.0405
486.45 858 29.2916
487.35 550 23.4521
488.25 534 23.1084
489.15 449 21.1896
490.05 437 20.9045
490.95 403 20.0749
491.85 391 19.7737
492.75 409 20.2237
493.65 330 18.1659
494.55 341 18.4662
495.45 340 18.4391
496.35 344 18.5472
497.25 323 17.9722
498.15 302 17.3781
499.05 368 19.1833
499.95 347 18.6279
500.85 317 17.8045
501.75 288 16.9706
502.65 309 17.5784
503.55 309 17.5784
504.45 327 18.0831
505.35 312 17.6635
506.25 295 17.1756
507.15 330 18.1659
508.05 288 16.9706
508.95 332 18.2209
509.85 308 17.5499
510.75 281 16.7631
511.65 295 17.1756
512.55 329 18.1384
513.45 301 17.3494
514.35 307 17.5214
515.25 228 15.0997
516.15 320 17.8885
517.05 315 17.7482
517.95 291 17.0587
518.85 287 16.9411
519.75 280 16.7332
520.65 282 16.7929
521.55 302 17.3781
522.45 308 17.5499
523.35 294 17.1464
524.25 283 16.8226
525.15 274 16.5529
526.05 255 15.9687
526.95 278 16.6733
527.85 256 16
528.75 264 16.2481
529.65 258 16.0624
530.55 256 16
531.45 229 15.1327
532.35 253 15.906
533.25 255 15.9687
534.15 257 16.0312
535.05 232 15.2315
535.95 262 16.1864
536.85 238 15.4272
537.75 244 15.6205
538.65 245 15.6525
539.55 255 15.9687
540.45 256 16
541.35 242 15.5563
542.25 251 15.843
543.15 261 16.1555
544.05 240 15.4919
544.95 219 14.7986
545.85 224 14.9666
546.75 217 14.7309
547.65 221 14.8661
548.55 226 15.0333
549.45 188 13.7113
550.35 194 13.9284
551.25 237 15.3948
552.15 227 15.0665
553.05 211 14.5258
553.95 175 13.2288
554.85 185 13.6015
555.75 173 13.1529
556.65 153 12.3693
557.55 152 12.3288
558.45 133 11.5326
559.35 126 11.225
560.25 116 10.7703
561.15 113 10.6301
562.05 85 9.21954
562.95 81 9
563.85 71 8.42615
564.75 40 6.32456
565.65 53 7.28011
566.55 56 7.48331
567.45 43 6.55744
568.35 52 7.2111
569.25 36 6
570.15 40 6.32456
571.05 42 6.48074
571.95 38 6.16441
572.85 50 7.07107
573.75 37 6.08276
574.65 42 6.48074
575.55 34 5.83095
576.45 37 6.08276
577.35 35 5.91608
578.25 31 5.56776
579.15 38 6.16441
580.05 43 6.55744
580.95 25 5
581.85 30 5.47723
582.75 37 6.08276
583.65 30 5.47723
584.55 27 5.19615
585.45 28 5.2915
586.35 20 4.47214
587.25 20 4.47214
588.15 14 3.74166
589.05 15 3.87298
589.95 17 4.12311
590.85 18 4.24264
591.75 16 4
592.65 15 3.87298
593.55 11 3.31662
594.45 12 3.4641
595.35 4 2
596.25 5 2.23607
597.15 7 2.64575
598.05 5 2.23607
598.95 4 2
599.85 6 2.44949
600.75 3 1.73205
601.65 2 1.41421
602.55 3 1.73205
603.45 2 1.41421
604.35 4 2
605.25 3 1.73205
606.15 1 1
607.05 5 2.23607
607.95 1 1
608.85 1 1
609.75 3 1.73205
610.65 3 1.73205
611.55 2 1.41421
612.45 1 1
613.35 0 0
614.25 0 0
615.15 1 1
616.05 0 0
616.95 0 0
617.85 0 0
618.75 0 0
619.65 0 0
620.55 0 0
621.45 1 1
622.35 1 1
623.25 0 0
624.15 1 1
625.05 1 1
625.95 0 0
626.85 0 0
627.75 0 0
628.65 0 0
629.55 0 0
630.45 0 0
631.35 0 0
632.25 0 0
633.15 0 0
634.05 1 1
634.95 0 0
635.85 0 0
636.75 0 0
637.65 0 0
638.55 0 0
639.45 0 0
640.35 1 1
641.25 0 0
642.15 0 0
643.05 0 0
643.95 0 0
644.85 0 0
645.75 0 0
646.65 0 0
647.55 0 0
648.45 0 0
649.35 0 0
650.25 0 0
651.15 0 0
652.05 0 0
652.95 0 0
653.85 0 0
654.75 0 0
655.65 0 0
656.55 0 0
657.45 0 0
658.35 0 0
659.25 0 0
660.15 0 0
661.05 0 0
661.95 0 0
662.85 0 0
663.75 0 0
664.65 0 0
665.55 0 0
666.45 0 0
667.35 0 0
668.25 0 0
669.15 0 0
670.05 0 0
670.95 70 8.3666
671.85 0 0
672.75 0 0
673.65 0 0
674.55 0 0
675.45 0 0
676.35 0 0
677.25 0 0
678.15 0 0
679.05 0 0
679.95 0 0
680.85 0 0
681.75 0 0
682.65 0 0
683.55 0 0
684.45 0 0
685.35 0 0
686.25 0 0
687.15 0 0
688.05 0 0
688.95 0 0
689.85 0 0
690.75 0 0
691.65 0 0
692.55 0 0
693.45 0 0
694.35 0 0
695.25 0 0
696.15 0 0
697.05 0 0
697.95 0 0
698.85 0 0
699.75 0 0
700.65 0 0
701.55 0 0
702.45 0 0
703.35 0 0
704.25 0 0
705.15 0 0
706.05 0 0
706.95 0 0
707.85 0 0
708.75 0 0
709.65 0 0
710.55 0 0
711.45 0 0
712.35 0 0
713.25 0 0
714.15 0 0
715.05 0 0
715.95 0 0
716.85 0 0
717.75 0 0
718.65 0 0
719.55 0 0
720.45 0 0
721.35 0 0
722.25 0 0
723.15 0 0
724.05 0 0
724.95 0 0
725.85 0 0
726.75 0 0
727.65 0 0
728.55 0 0
729.45 0 0
730.35 0 0
731.25 0 0
732.15 0 0
733.05 0 0
733.95 0 0
734.85 0 0
735.75 0 0
736.65 0 0
737.55 0 0
738.45 0 0
739.35 0 0
740.25 0 0
741.15 0 0
742.05 0 0
742.95 0 0
743.85 0 0
744.75 0 0
745.65 0 0
746.55 0 0
747.45 0 0
748.35 0 0
749.25 0 0
750.15 0 0
751.05 0 0
751.95 0 0
752.85 0 0
753.75 0 0
754.65 0 0
755.55 0 0
756.45 0 0
757.35 0 0
758.25 0 0
759.15 0 0
760.05 0 0
760.95 0 0
761.85 0 0
762.75 0 0
763.65 0 0
764.55 0 0
765.45 0 0
766.35 0 0
767.25 0 0
768.15 0 0
769.05 0 0
769.95 0 0
770.85 0 0
771.75 0 0
772.65 0 0
773.55 0 0
774.45 0 0
775.35 0 0
776.25 0 0
777.15 0 0
778.05 0 0
778.95 0 0
779.85 0 0
780.75 0 0
781.65 0 0
782.55 0 0
783.45 0 0
784.35 0 0
785.25 0 0
786.15 0 0
787.05 0 0
787.95 0 0
788.85 0 0
789.75 0 0
790.65 0 0
791.55 0 0
792.45 0 0
793.35 0 0
794.25 0 0
795.15 0 0
796.05 0 0
796.95 0 0
797.85 0 0
798.75 0 0
799.65 0 0
800.55 0 0
801.45 0 0
802.35 0 0
803.25 0 0
804.15 0 0
805.05 0 0
805.95 0 0
806.85 0 0
807.75 0 0
808.65 0 0
809.55 0 0
810.45 0 0
811.35 0 0
812.25 0 0
813.15 0 0
814.05 0 0
814.95 0 0
815.85 0 0
816.75 0 0
817.65 0 0
818.55 0 0
819.45 0 0
820.35 0 0
821.25 0 0
822.15 0 0
823.05 0 0
823.95 0 0
824.85 0 0
825.75 0 0
826.65 0 0
827.55 0 0
828.45 0 0
829.35 0 0
830.25 0 0
831.15 0 0
832.05 0 0
832.95 0 0
833.85 0 0
834.75 0 0
835.65 0 0
836.55 0 0
837.45 0 0
838.35 0 0
839.25 0 0
840.15 0 0
841.05 0 0
841.95 0 0
842.85 0 0
843.75 0 0
844.65 0 0
845.55 0 0
846.45 0 0
847.35 0 0
848.25 0 0
849.15 0 0
850.05 0 0
850.95 0 0
851.85 0 0
852.75 0 0
853.65 0 0
854.55 0 0
855.45 0 0
856.35 0 0
857.25 0 0
858.15 0 0
859.05 0 0
859.95 0 0
860.85 0 0
861.75 0 0
862.65 0 0
863.55 0 0
864.45 0 0
865.35 0 0
866.25 0 0
867.15 0 0
868.05 0 0
868.95 0 0
869.85 0 0
870.75 0 0
871.65 0 0
872.55 0 0
873.45 0 0
874.35 0 0
875.25 0 0
876.15 0 0
877.05 0 0
877.95 0 0
878.85 0 0
879.75 0 0
880.65 0 0
881.55 0 0
882.45 0 0
883.35 0 0
884.25 0 0
885.15 0 0
886.05 0 0
886.95 0 0
887.85 0 0
888.75 0 0
889.65 0 0
890.55 0 0
891.45 0 0
892.35 0 0
893.25 0 0
894.15 0 0
895.05 0 0
895.95 0 0
896.85 0 0
897.75 0 0
898.65 0 0
899.55 0 0
