0.45 2462 49.6185
1.35 2618 51.1664
2.25 2590 50.892
3.15 2530 50.2991
4.05 2587 50.8626
4.95 2582 50.8134
5.85 2500 50
6.75 2595 50.9411
7.65 2484 49.8397
8.55 2420 49.1935
9.45 2455 49.548
10.35 2613 51.1175
11.25 2482 49.8197
12.15 2624 51.225
13.05 2533 50.3289
13.95 2578 50.774
14.85 2505 50.05
15.75 2501 50.01
16.65 2488 49.8799
17.55 2483 49.8297
18.45 2568 50.6754
19.35 2513 50.1298
20.25 2419 49.1833
21.15 2460 49.5984
22.05 2435 49.3457
22.95 2482 49.8197
23.85 2464 49.6387
24.75 2459 49.5883
25.65 2361 48.5901
26.55 2485 49.8498
27.45 2384 48.8262
28.35 2419 49.1833
29.25 2366 48.6415
30.15 2443 49.4267
31.05 2401 49
31.95 2397 48.9592
32.85 2461 49.6085
33.75 2427 49.2646
34.65 2374 48.7237
35.55 2322 48.1871
36.45 2372 48.7032
37.35 2349 48.4665
38.25 2348 48.4562
39.15 2409 49.0816
40.05 2383 48.816
40.95 2438 49.3761
41.85 2340 48.3735
42.75 2357 48.5489
43.65 2368 48.6621
44.55 2382 48.8057
45.45 2250 47.4342
46.35 2369 48.6724
47.25 2330 48.2701
48.15 2297 47.927
49.05 2332 48.2908
49.95 2321 48.1768
50.85 2299 47.9479
51.75 2292 47.8748
52.65 2308 48.0416
53.55 2322 48.1871
54.45 2348 48.4562
55.35 2278 47.7284
56.25 2297 47.927
57.15 2279 47.7389
58.05 2269 47.634
58.95 2320 48.1664
59.85 2224 47.1593
60.75 2374 48.7237
61.65 2245 47.3814
62.55 2336 48.3322
63.45 2315 48.1144
64.35 2257 47.5079
65.25 2301 47.9687
66.15 2289 47.8435
67.05 2203 46.9361
67.95 2183 46.7226
68.85 2324 48.2079
69.75 2304 48
70.65 2220 47.1169
71.55 2310 48.0625
72.45 2291 47.8644
73.35 2266 47.6025
74.25 2300 47.9583
75.15 2251 47.4447
76.05 2268 47.6235
76.95 2247 47.4025
77.85 2245 47.3814
78.75 2255 47.4868
79.65 2274 47.6865
80.55 2366 48.6415
81.45 2335 48.3218
82.35 2320 48.1664
83.25 2173 46.6154
84.15 2236 47.2864
85.05 2267 47.613
85.95 2237 47.2969
86.85 2236 47.2864
87.75 2217 47.085
88.65 2281 47.7598
89.55 2282 47.7703
90.45 2190 46.7974
91.35 2244 47.3709
92.25 2220 47.1169
93.15 2179 46.6798
94.05 2167 46.551
94.95 2145 46.3141
95.85 2123 46.076
96.75 2158 46.4543
97.65 2092 45.7384
98.55 2076 45.5631
99.45 2119 46.0326
100.35 2160 46.4758
101.25 2140 46.2601
102.15 2126 46.1086
103.05 2066 45.4533
103.95 2037 45.1331
104.85 2129 46.1411
105.75 2064 45.4313
106.65 2200 46.9042
107.55 2046 45.2327
108.45 2150 46.3681
109.35 2072 45.5192
110.25 2119 46.0326
111.15 2124 46.0869
112.05 1996 44.6766
112.95 2032 45.0777
113.85 2095 45.7712
114.75 2044 45.2106
115.65 2128 46.1303
116.55 2088 45.6946
117.45 2066 45.4533
118.35 1968 44.3621
119.25 2017 44.911
120.15 2157 46.4435
121.05 1979 44.486
121.95 2098 45.8039
122.85 2185 46.744
123.75 2038 45.1442
124.65 2005 44.7772
125.55 2011 44.8442
126.45 2041 45.1774
127.35 1951 44.1701
128.25 1940 44.0454
129.15 2013 44.8665
130.05 2015 44.8888
130.95 1997 44.6878
131.85 1985 44.5533
132.75 1991 44.6206
133.65 1874 43.2897
134.55 2001 44.7325
135.45 1975 44.441
136.35 1914 43.7493
137.25 2022 44.9667
138.15 2035 45.111
139.05 1988 44.587
139.95 2032 45.0777
140.85 1929 43.9204
141.75 1908 43.6807
142.65 2014 44.8776
143.55 1967 44.3509
144.45 2001 44.7325
145.35 1914 43.7493
146.25 2014 44.8776
147.15 2005 44.7772
148.05 1955 44.2154
148.95 1890 43.4741
149.85 1917 43.7836
150.75 1968 44.3621
151.65 1927 43.8976
152.55 1891 43.4856
153.45 1818 42.638
154.35 1892 43.4971
155.25 1965 44.3283
156.15 1948 44.1362
157.05 1938 44.0227
157.95 1938 44.0227
158.85 1845 42.9535
159.75 1936 44
160.65 1912 43.7264
161.55 1914 43.7493
162.45 1876 43.3128
163.35 1872 43.2666
164.25 1962 44.2945
165.15 1878 43.3359
166.05 1894 43.5201
166.95 1912 43.7264
167.85 1872 43.2666
168.75 1882 43.382
169.65 1878 43.3359
170.55 1886 43.4281
171.45 1892 43.4971
172.35 1937 44.0114
173.25 1848 42.9884
174.15 1907 43.6692
175.05 2025 45
175.95 1860 43.1277
176.85 1863 43.1625
177.75 1838 42.8719
178.65 1822 42.6849
179.55 1904 43.6348
180.45 1874 43.2897
181.35 1914 43.7493
182.25 1841 42.9069
183.15 1846 42.9651
184.05 1802 42.45
184.95 1864 43.1741
185.85 1889 43.4626
186.75 1807 42.5088
187.65 1879 43.3474
188.55 1879 43.3474
189.45 1858 43.1045
190.35 1915 43.7607
191.25 1829 42.7668
192.15 1884 43.4051
193.05 1862 43.1509
193.95 1738 41.6893
194.85 1836 42.8486
195.75 1786 42.2611
196.65 1854 43.0581
197.55 1759 41.9404
198.45 1807 42.5088
199.35 1771 42.0833
200.25 1837 42.8602
201.15 1838 42.8719
202.05 1829 42.7668
202.95 1829 42.7668
203.85 1716 41.4246
204.75 1769 42.0595
205.65 1793 42.3438
206.55 1816 42.6146
207.45 1792 42.332
208.35 1745 41.7732
209.25 1812 42.5676
210.15 1786 42.2611
211.05 1735 41.6533
211.95 1835 42.8369
212.85 1723 41.509
213.75 1736 41.6653
214.65 1845 42.9535
215.55 1795 42.3674
216.45 1710 41.3521
217.35 1756 41.9047
218.25 1800 42.4264
219.15 1728 41.5692
220.05 1821 42.6732
220.95 1781 42.2019
221.85 1826 42.7317
222.75 1741 41.7253
223.65 1758 41.9285
224.55 1741 41.7253
225.45 1701 41.2432
226.35 1736 41.6653
227.25 1776 42.1426
228.15 1808 42.5206
229.05 1684 41.0366
229.95 1697 41.1947
230.85 1753 41.8688
231.75 1717 41.4367
232.65 1787 42.2729
233.55 1742 41.7373
234.45 1789 42.2966
235.35 1685 41.0488
236.25 1762 41.9762
237.15 1713 41.3884
238.05 1792 42.332
238.95 1771 42.0833
239.85 1798 42.4028
240.75 1734 41.6413
241.65 1758 41.9285
242.55 1698 41.2068
243.45 1732 41.6173
244.35 1701 41.2432
245.25 1793 42.3438
246.15 1701 41.2432
247.05 1709 41.3401
247.95 1747 41.7971
248.85 1651 40.6325
249.75 1724 41.5211
250.65 1693 41.1461
251.55 1734 41.6413
252.45 1764 42
253.35 1660 40.7431
254.25 1718 41.4488
255.15 1732 41.6173
256.05 1687 41.0731
256.95 1668 40.8412
257.85 1723 41.509
258.75 1696 41.1825
259.65 1664 40.7922
260.55 1656 40.694
261.45 1785 42.2493
262.35 1646 40.5709
263.25 1620 40.2492
264.15 1738 41.6893
265.05 1676 40.939
265.95 1672 40.8901
266.85 1686 41.0609
267.75 1651 40.6325
268.65 1719 41.4608
269.55 1692 41.1339
270.45 1618 40.2244
271.35 1605 40.0625
272.25 1579 39.7366
273.15 1713 41.3884
274.05 1596 39.95
274.95 1694 41.1582
275.85 1699 41.2189
276.75 1613 40.1622
277.65 1682 41.0122
278.55 1683 41.0244
279.45 1586 39.8246
280.35 1686 41.0609
281.25 1704 41.2795
282.15 1640 40.4969
283.05 1685 41.0488
283.95 1701 41.2432
284.85 1619 40.2368
285.75 1574 39.6737
286.65 1657 40.7063
287.55 1640 40.4969
288.45 1601 40.0125
289.35 1734 41.6413
290.25 1654 40.6694
291.15 1656 40.694
292.05 1642 40.5216
292.95 1630 40.3733
293.85 1700 41.2311
294.75 1650 40.6202
295.65 1605 40.0625
296.55 1569 39.6106
297.45 1597 39.9625
298.35 1658 40.7185
299.25 1661 40.7554
300.15 1639 40.4846
301.05 1652 40.6448
301.95 1621 40.2616
302.85 1615 40.1871
303.75 1648 40.5956
304.65 1625 40.3113
305.55 1625 40.3113
306.45 1670 40.8656
307.35 1561 39.5095
308.25 1525 39.0512
309.15 1567 39.5854
310.05 1590 39.8748
310.95 1651 40.6325
311.85 1625 40.3113
312.75 1611 40.1373
313.65 1595 39.9375
314.55 1650 40.6202
315.45 1646 40.5709
316.35 1570 39.6232
317.25 1615 40.1871
318.15 1594 39.9249
319.05 1666 40.8167
319.95 1630 40.3733
320.85 1667 40.8289
321.75 1593 39.9124
322.65 1616 40.1995
323.55 1602 40.025
324.45 1650 40.6202
325.35 1503 38.7685
326.25 1590 39.8748
327.15 1543 39.281
328.05 1570 39.6232
328.95 1629 40.3609
329.85 1637 40.4599
330.75 1594 39.9249
331.65 1613 40.1622
332.55 1594 39.9249
333.45 1670 40.8656
334.35 1609 40.1123
335.25 1648 40.5956
336.15 1561 39.5095
337.05 1610 40.1248
337.95 1626 40.3237
338.85 1600 40
339.75 1614 40.1746
340.65 1640 40.4969
341.55 1615 40.1871
342.45 1615 40.1871
343.35 1642 40.5216
344.25 1614 40.1746
345.15 1610 40.1248
346.05 1580 39.7492
346.95 1615 40.1871
347.85 1564 39.5474
348.75 1586 39.8246
349.65 1597 39.9625
350.55 1613 40.1622
351.45 1614 40.1746
352.35 1630 40.3733
353.25 1526 39.064
354.15 1578 39.724
355.05 1535 39.1791
355.95 1516 38.9358
356.85 1616 40.1995
357.75 1601 40.0125
358.65 1580 39.7492
359.55 1501 38.7427
360.45 1550 39.37
361.35 1627 40.3361
362.25 1558 39.4715
363.15 1621 40.2616
364.05 1608 40.0999
364.95 1656 40.694
365.85 1604 40.05
366.75 1595 39.9375
367.65 1523 39.0256
368.55 1531 39.128
369.45 1617 40.2119
370.35 1551 39.3827
371.25 1594 39.9249
372.15 1580 39.7492
373.05 1574 39.6737
373.95 1556 39.4462
374.85 1583 39.7869
375.75 1572 39.6485
376.65 1557 39.4588
377.55 1581 39.7618
378.45 1651 40.6325
379.35 1593 39.9124
380.25 1606 40.0749
381.15 1614 40.1746
382.05 1601 40.0125
382.95 1559 39.4842
383.85 1575 39.6863
384.75 1595 39.9375
385.65 1603 40.0375
386.55 1555 39.4335
387.45 1730 41.5933
388.35 1613 40.1622
389.25 1593 39.9124
390.15 1577 39.7115
391.05 1527 39.0768
391.95 1608 40.0999
392.85 1630 40.3733
393.75 1612 40.1497
394.65 1589 39.8623
395.55 1628 40.3485
396.45 1634 40.4228
397.35 1620 40.2492
398.25 1672 40.8901
399.15 1604 40.05
400.05 1563 39.5348
400.95 1542 39.2683
401.85 1611 40.1373
402.75 1695 41.1704
403.65 1657 40.7063
404.55 1602 40.025
405.45 1664 40.7922
406.35 1675 40.9268
407.25 1615 40.1871
408.15 1669 40.8534
409.05 1661 40.7554
409.95 1635 40.4351
410.85 1664 40.7922
411.75 1649 40.6079
412.65 1704 41.2795
413.55 1553 39.4081
414.45 1671 40.8779
415.35 1652 40.6448
416.25 1746 41.7852
417.15 1673 40.9023
418.05 1714 41.4005
418.95 1761 41.9643
419.85 1689 41.0974
420.75 1662 40.7676
421.65 1687 41.0731
422.55 1634 40.4228
423.45 1676 40.939
424.35 1721 41.4849
425.25 1612 40.1497
426.15 1797 42.391
427.05 1657 40.7063
427.95 1602 40.025
428.85 1644 40.5463
429.75 1720 41.4729
430.65 1750 41.833
431.55 1803 42.4617
432.45 1734 41.6413
433.35 1767 42.0357
434.25 1687 41.0731
435.15 1670 40.8656
436.05 1734 41.6413
436.95 1859 43.1161
437.85 1780 42.19
438.75 1700 41.2311
439.65 1738 41.6893
440.55 1727 41.5572
441.45 1784 42.2374
442.35 1735 41.6533
443.25 1743 41.7493
444.15 1778 42.1663
445.05 1849 43
445.95 1849 43
446.85 1709 41.3401
447.75 1756 41.9047
448.65 1769 42.0595
449.55 1770 42.0714
450.45 1842 42.9185
451.35 1810 42.5441
452.25 1824 42.7083
453.15 1670 40.8656
454.05 1847 42.9767
454.95 1827 42.7434
455.85 1794 42.3556
456.75 1832 42.8019
457.65 1826 42.7317
458.55 1809 42.5323
459.45 1851 43.0232
460.35 1842 42.9185
461.25 1926 43.8862
462.15 1864 43.1741
463.05 1921 43.8292
463.95 1855 43.0697
464.85 1926 43.8862
465.75 1804 42.4735
466.65 1919 43.8064
467.55 1902 43.6119
468.45 1959 44.2606
469.35 1916 43.7721
470.25 1905 43.6463
471.15 1878 43.3359
472.05 1883 43.3935
472.95 1889 43.4626
473.85 1874 43.2897
474.75 1984 44.5421
475.65 1920 43.8178
476.55 1995 44.6654
477.45 2077 45.5741
478.35 2026 45.0111
479.25 2101 45.8367
480.15 1942 44.0681
481.05 2061 45.3982
481.95 2073 45.5302
482.85 2048 45.2548
483.75 2071 45.5082
484.65 2004 44.7661
485.55 2029 45.0444
486.45 2114 45.9783
487.35 2050 45.2769
488.25 2120 46.0435
489.15 2107 45.9021
490.05 2111 45.9456
490.95 2135 46.2061
491.85 2096 45.7821
492.75 2159 46.465
493.65 2158 46.4543
494.55 2155 46.422
495.45 2160 46.4758
496.35 2278 47.7284
497.25 2248 47.4131
498.15 2132 46.1736
499.05 2245 47.3814
499.95 2179 46.6798
500.85 2257 47.5079
501.75 2302 47.9792
502.65 2281 47.7598
503.55 2206 46.9681
504.45 2280 47.7493
505.35 2331 48.2804
506.25 2292 47.8748
507.15 2379 48.775
508.05 2314 48.1041
508.95 2329 48.2597
509.85 2339 48.3632
510.75 2376 48.7442
511.65 2409 49.0816
512.55 2396 48.949
513.45 2462 49.6185
514.35 2431 49.3052
515.25 2417 49.163
516.15 2457 49.5681
517.05 2415 49.1426
517.95 2518 50.1797
518.85 2559 50.5866
519.75 2519 50.1896
520.65 2485 49.8498
521.55 2507 50.07
522.45 2536 50.3587
523.35 2509 50.0899
524.25 2568 50.6754
525.15 2615 51.1371
526.05 2704 52
526.95 2574 50.7346
527.85 2694 51.9038
528.75 2770 52.6308
529.65 2803 52.9434
530.55 2700 51.9615
531.45 2717 52.1249
532.35 2685 51.817
533.25 2800 52.915
534.15 2829 53.1883
535.05 2941 54.231
535.95 2853 53.4135
536.85 2941 54.231
537.75 2774 52.6688
538.65 2866 53.535
539.55 2980 54.5894
540.45 3010 54.8635
541.35 2946 54.2771
542.25 3014 54.8999
543.15 3008 54.8452
544.05 3063 55.3444
544.95 3093 55.6147
545.85 3034 55.0818
546.75 3130 55.9464
547.65 3207 56.6304
548.55 3296 57.4108
549.45 3262 57.1139
550.35 3242 56.9386
551.25 3178 56.3738
552.15 3239 56.9122
553.05 3301 57.4543
553.95 3284 57.3062
554.85 3286 57.3236
555.75 3340 57.7927
556.65 3274 57.2189
557.55 3318 57.6021
558.45 3386 58.1893
559.35 3233 56.8595
560.25 3086 55.5518
561.15 2448 49.4773
562.05 1433 37.855
562.95 970 31.1448
563.85 799 28.2666
564.75 760 27.5681
565.65 712 26.6833
566.55 618 24.8596
567.45 597 24.4336
568.35 557 23.6008
569.25 559 23.6432
570.15 562 23.7065
571.05 505 22.4722
571.95 468 21.6333
572.85 477 21.8403
573.75 478 21.8632
574.65 505 22.4722
575.55 462 21.4942
576.45 459 21.4243
577.35 484 22
578.25 428 20.6882
579.15 522 22.8473
580.05 442 21.0238
580.95 397 19.9249
581.85 448 21.166
582.75 443 21.0476
583.65 445 21.095
584.55 420 20.4939
585.45 443 21.0476
586.35 443 21.0476
587.25 412 20.2978
588.15 425 20.6155
589.05 418 20.445
589.95 410 20.2485
590.85 424 20.5913
591.75 422 20.5426
592.65 399 19.975
593.55 376 19.3907
594.45 412 20.2978
595.35 419 20.4695
596.25 403 20.0749
597.15 350 18.7083
598.05 378 19.4422
598.95 421 20.5183
599.85 421 20.5183
600.75 382 19.5448
601.65 404 20.0998
602.55 365 19.105
603.45 368 19.1833
604.35 399 19.975
605.25 376 19.3907
606.15 365 19.105
607.05 379 19.4679
607.95 408 20.199
608.85 364 19.0788
609.75 390 19.7484
610.65 365 19.105
611.55 354 18.8149
612.45 345 18.5742
613.35 371 19.2614
614.25 358 18.9209
615.15 370 19.2354
616.05 365 19.105
616.95 376 19.3907
617.85 388 19.6977
618.75 333 18.2483
619.65 355 18.8414
620.55 402 20.0499
621.45 371 19.2614
622.35 305 17.4642
623.25 351 18.735
624.15 337 18.3576
625.05 334 18.2757
625.95 291 17.0587
626.85 331 18.1934
627.75 317 17.8045
628.65 299 17.2916
629.55 312 17.6635
630.45 316 17.7764
631.35 278 16.6733
632.25 293 17.1172
633.15 293 17.1172
634.05 273 16.5227
634.95 255 15.9687
635.85 249 15.7797
636.75 212 14.5602
637.65 229 15.1327
638.55 207 14.3875
639.45 189 13.7477
640.35 144 12
641.25 124 11.1355
642.15 114 10.6771
643.05 92 9.59166
643.95 91 9.53939
644.85 80 8.94427
645.75 93 9.64365
646.65 73 8.544
647.55 79 8.88819
648.45 68 8.24621
649.35 67 8.18535
650.25 72 8.48528
651.15 42 6.48074
652.05 61 7.81025
652.95 67 8.18535
653.85 50 7.07107
654.75 56 7.48331
655.65 64 8
656.55 55 7.4162
657.45 40 6.32456
658.35 58 7.61577
659.25 40 6.32456
660.15 43 6.55744
661.05 42 6.48074
661.95 54 7.34847
662.85 36 6
663.75 43 6.55744
664.65 41 6.40312
665.55 37 6.08276
666.45 34 5.83095
667.35 26 5.09902
668.25 27 5.19615
669.15 28 5.2915
670.05 23 4.79583
670.95 25 5
671.85 20 4.47214
672.75 10 3.16228
673.65 19 4.3589
674.55 15 3.87298
675.45 10 3.16228
676.35 8 2.82843
677.25 9 3
678.15 6 2.44949
679.05 10 3.16228
679.95 7 2.64575
680.85 10 3.16228
681.75 5 2.23607
682.65 3 1.73205
683.55 7 2.64575
684.45 1 1
685.35 2 1.41421
686.25 3 1.73205
687.15 3 1.73205
688.05 2 1.41421
688.95 2 1.41421
689.85 3 1.73205
690.75 1 1
691.65 1 1
692.55 3 1.73205
693.45 0 0
694.35 2 1.41421
695.25 2 1.41421
696.15 0 0
697.05 0 0
697.95 0 0
698.85 1 1
699.75 1 1
700.65 1 1
701.55 0 0
702.45 1 1
703.35 0 0
704.25 0 0
705.15 1 1
706.05 0 0
706.95 0 0
707.85 0 0
708.75 0 0
709.65 0 0
710.55 0 0
711.45 0 0
712.35 0 0
713.25 0 0
714.15 0 0
715.05 0 0
715.95 0 0
716.85 0 0
717.75 0 0
718.65 0 0
719.55 1 1
720.45 0 0
721.35 0 0
722.25 0 0
723.15 0 0
724.05 0 0
724.95 0 0
725.85 0 0
726.75 0 0
727.65 0 0
728.55 0 0
729.45 0 0
730.35 0 0
731.25 0 0
732.15 0 0
733.05 0 0
733.95 0 0
734.85 0 0
735.75 0 0
736.65 0 0
737.55 0 0
738.45 0 0
739.35 0 0
740.25 0 0
741.15 0 0
742.05 0 0
742.95 0 0
743.85 0 0
744.75 0 0
745.65 0 0
746.55 0 0
747.45 0 0
748.35 0 0
749.25 0 0
750.15 0 0
751.05 0 0
751.95 99 9.94987
752.85 0 0
753.75 0 0
754.65 0 0
755.55 0 0
756.45 0 0
757.35 0 0
758.25 0 0
759.15 0 0
760.05 0 0
760.95 0 0
761.85 0 0
762.75 0 0
763.65 0 0
764.55 0 0
765.45 0 0
766.35 0 0
767.25 0 0
768.15 0 0
769.05 0 0
769.95 0 0
770.85 0 0
771.75 0 0
772.65 0 0
773.55 0 0
774.45 0 0
775.35 0 0
776.25 0 0
777.15 0 0
778.05 0 0
778.95 0 0
779.85 0 0
780.75 0 0
781.65 0 0
782.55 0 0
783.45 0 0
784.35 0 0
785.25 0 0
786.15 0 0
787.05 0 0
787.95 0 0
788.85 0 0
789.75 0 0
790.65 0 0
791.55 0 0
792.45 0 0
793.35 0 0
794.25 0 0
795.15 0 0
796.05 0 0
796.95 0 0
797.85 0 0
798.75 0 0
799.65 0 0
800.55 0 0
801.45 0 0
802.35 0 0
803.25 0 0
804.15 0 0
805.05 0 0
805.95 0 0
806.85 0 0
807.75 0 0
808.65 0 0
809.55 0 0
810.45 0 0
811.35 0 0
812.25 0 0
813.15 0 0
814.05 0 0
814.95 0 0
815.85 0 0
816.75 0 0
817.65 0 0
818.55 0 0
819.45 0 0
820.35 0 0
821.25 0 0
822.15 0 0
823.05 0 0
823.95 0 0
824.85 0 0
825.75 0 0
826.65 0 0
827.55 0 0
828.45 0 0
829.35 0 0
830.25 0 0
831.15 0 0
832.05 0 0
832.95 0 0
833.85 0 0
834.75 0 0
835.65 0 0
836.55 0 0
837.45 0 0
838.35 0 0
839.25 0 0
840.15 0 0
841.05 0 0
841.95 0 0
842.85 0 0
843.75 0 0
844.65 0 0
845.55 0 0
846.45 0 0
847.35 0 0
848.25 0 0
849.15 0 0
850.05 0 0
850.95 0 0
851.85 0 0
852.75 0 0
853.65 0 0
854.55 0 0
855.45 0 0
856.35 0 0
857.25 0 0
858.15 0 0
859.05 0 0
859.95 0 0
860.85 0 0
861.75 0 0
862.65 0 0
863.55 0 0
864.45 0 0
865.35 0 0
866.25 0 0
867.15 0 0
868.05 0 0
868.95 0 0
869.85 0 0
870.75 0 0
871.65 0 0
872.55 0 0
873.45 0 0
874.35 0 0
875.25 0 0
876.15 0 0
877.05 0 0
877.95 0 0
878.85 0 0
879.75 0 0
880.65 0 0
881.55 0 0
882.45 0 0
883.35 0 0
884.25 0 0
885.15 0 0
886.05 0 0
886.95 0 0
887.85 0 0
888.75 0 0
889.65 0 0
890.55 0 0
891.45 0 0
892.35 0 0
893.25 0 0
894.15 0 0
895.05 0 0
895.95 0 0
896.85 0 0
897.75 0 0
898.65 0 0
899.55 0 0
