0.45 3354 57.9137
1.35 3776 61.4492
2.25 3649 60.407
3.15 3582 59.8498
4.05 3511 59.2537
4.95 3560 59.6657
5.85 3467 58.8812
6.75 3469 58.8982
7.65 3373 58.0775
8.55 3392 58.2409
9.45 3381 58.1464
10.35 3230 56.8331
11.25 3187 56.4535
12.15 3238 56.9034
13.05 2988 54.6626
13.95 3047 55.1996
14.85 3027 55.0182
15.75 2944 54.2586
16.65 2978 54.5711
17.55 2908 53.9259
18.45 2983 54.6168
19.35 2903 53.8795
20.25 2823 53.1319
21.15 2782 52.7447
22.05 2733 52.2781
22.95 2672 51.6914
23.85 2677 51.7397
24.75 2696 51.923
25.65 2634 51.3225
26.55 2478 49.7795
27.45 2494 49.94
28.35 2502 50.02
29.25 2403 49.0204
30.15 2529 50.2892
31.05 2433 49.3254
31.95 2366 48.6415
32.85 2361 48.5901
33.75 2312 48.0833
34.65 2328 48.2494
35.55 2287 47.8226
36.45 2292 47.8748
37.35 2191 46.8081
38.25 2220 47.1169
39.15 2159 46.465
40.05 2169 46.5725
40.95 2116 46
41.85 2204 46.9468
42.75 2064 45.4313
43.65 2191 46.8081
44.55 2129 46.1411
45.45 2107 45.9021
46.35 2041 45.1774
47.25 2075 45.5522
48.15 2173 46.6154
49.05 2162 46.4973
49.95 2186 46.7547
50.85 2163 46.5081
51.75 2153 46.4004
52.65 2099 45.8148
53.55 2210 47.0106
54.45 2190 46.7974
55.35 2232 47.244
56.25 2318 48.1456
57.15 2189 46.7868
58.05 2374 48.7237
58.95 2337 48.3425
59.85 2386 48.8467
60.75 2456 49.558
61.65 2496 49.96
62.55 2588 50.8724
63.45 2623 51.2152
64.35 2567 50.6656
65.25 2745 52.3927
66.15 2720 52.1536
67.05 2783 52.7541
67.95 2923 54.0648
68.85 3041 55.1453
69.75 3096 55.6417
70.65 3291 57.3672
71.55 3431 58.5747
72.45 3382 58.155
73.35 3476 58.9576
74.25 3511 59.2537
75.15 3539 59.4895
76.05 3538 59.4811
76.95 3036 55.0999
77.85 1430 37.8153
78.75 827 28.7576
79.65 746 27.313
80.55 660 25.6905
81.45 618 24.8596
82.35 531 23.0434
83.25 499 22.3383
84.15 520 22.8035
85.05 497 22.2935
85.95 444 21.0713
86.85 422 20.5426
87.75 438 20.9284
88.65 419 20.4695
89.55 439 20.9523
90.45 404 20.0998
91.35 388 19.6977
92.25 369 19.2094
93.15 378 19.4422
94.05 354 18.8149
94.95 350 18.7083
95.85 356 18.868
96.75 347 18.6279
97.65 356 18.868
98.55 336 18.3303
99.45 349 18.6815
100.35 323 17.9722
101.25 319 17.8606
102.15 341 18.4662
103.05 308 17.5499
103.95 271 16.4621
104.85 255 15.9687
105.75 217 14.7309
106.65 206 14.3527
107.55 181 13.4536
108.45 139 11.7898
109.35 93 9.64365
110.25 76 8.7178
111.15 91 9.53939
112.05 76 8.7178
112.95 57 7.54983
113.85 63 7.93725
114.75 70 8.3666
115.65 44 6.63325
116.55 42 6.48074
117.45 51 7.14143
118.35 43 6.55744
119.25 27 5.19615
120.15 41 6.40312
121.05 34 5.83095
121.95 31 5.56776
122.85 22 4.69042
123.75 20 4.47214
124.65 14 3.74166
125.55 10 3.16228
126.45 7 2.64575
127.35 5 2.23607
128.25 7 2.64575
129.15 7 2.64575
130.05 6 2.44949
130.95 10 3.16228
131.85 6 2.44949
132.75 3 1.73205
133.65 1 1
134.55 1 1
135.45 2 1.41421
136.35 1 1
137.25 1 1
138.15 0 0
139.05 1 1
139.95 1 1
140.85 2 1.41421
141.75 1 1
142.65 0 0
143.55 2 1.41421
144.45 1 1
145.35 2 1.41421
146.25 0 0
147.15 1 1
148.05 2 1.41421
148.95 0 0
149.85 0 0
150.75 0 0
151.65 0 0
152.55 1 1
153.45 1 1
154.35 1 1
155.25 0 0
156.15 0 0
157.05 0 0
157.95 0 0
158.85 1 1
159.75 0 0
160.65 0 0
161.55 0 0
162.45 0 0
163.35 0 0
164.25 1 1
165.15 0 0
166.05 0 0
166.95 0 0
167.85 0 0
168.75 1 1
169.65 2 1.41421
170.55 0 0
171.45 0 0
172.35 0 0
173.25 0 0
174.15 0 0
175.05 0 0
175.95 1 1
176.85 0 0
177.75 0 0
178.65 0 0
179.55 0 0
180.45 0 0
181.35 0 0
182.25 0 0
183.15 0 0
184.05 459 21.4243
184.95 0 0
185.85 0 0
186.75 0 0
187.65 0 0
188.55 0 0
189.45 0 0
190.35 0 0
191.25 0 0
192.15 0 0
193.05 0 0
193.95 0 0
194.85 0 0
195.75 0 0
196.65 0 0
197.55 0 0
198.45 0 0
199.35 0 0
200.25 0 0
201.15 0 0
202.05 0 0
202.95 0 0
203.85 0 0
204.75 0 0
205.65 0 0
206.55 0 0
207.45 0 0
208.35 0 0
209.25 0 0
210.15 0 0
211.05 0 0
211.95 0 0
212.85 0 0
213.75 0 0
214.65 0 0
215.55 0 0
216.45 0 0
217.35 0 0
218.25 0 0
219.15 0 0
220.05 0 0
220.95 0 0
221.85 0 0
222.75 0 0
223.65 0 0
224.55 0 0
225.45 0 0
226.35 0 0
227.25 0 0
228.15 0 0
229.05 0 0
229.95 0 0
230.85 0 0
231.75 0 0
232.65 0 0
233.55 0 0
234.45 0 0
235.35 0 0
236.25 0 0
237.15 0 0
238.05 0 0
238.95 0 0
239.85 0 0
240.75 0 0
241.65 0 0
242.55 0 0
243.45 0 0
244.35 0 0
245.25 0 0
246.15 0 0
247.05 0 0
247.95 0 0
248.85 0 0
249.75 0 0
250.65 0 0
251.55 0 0
252.45 0 0
253.35 0 0
254.25 0 0
255.15 0 0
256.05 0 0
256.95 0 0
257.85 0 0
258.75 0 0
259.65 0 0
260.55 0 0
261.45 0 0
262.35 0 0
263.25 0 0
264.15 0 0
265.05 0 0
265.95 0 0
266.85 0 0
267.75 0 0
268.65 0 0
269.55 0 0
270.45 0 0
271.35 0 0
272.25 0 0
273.15 0 0
274.05 0 0
274.95 0 0
275.85 0 0
276.75 0 0
277.65 0 0
278.55 0 0
279.45 0 0
280.35 0 0
281.25 0 0
282.15 0 0
283.05 0 0
283.95 0 0
284.85 0 0
285.75 0 0
286.65 0 0
287.55 0 0
288.45 0 0
289.35 0 0
290.25 0 0
291.15 0 0
292.05 0 0
292.95 0 0
293.85 0 0
294.75 0 0
295.65 0 0
296.55 0 0
297.45 0 0
298.35 0 0
299.25 0 0
300.15 0 0
301.05 0 0
301.95 0 0
302.85 0 0
303.75 0 0
304.65 0 0
305.55 0 0
306.45 0 0
307.35 0 0
308.25 0 0
309.15 0 0
310.05 0 0
310.95 0 0
311.85 0 0
312.75 0 0
313.65 0 0
314.55 0 0
315.45 0 0
316.35 0 0
317.25 0 0
318.15 0 0
319.05 0 0
319.95 0 0
320.85 0 0
321.75 0 0
322.65 0 0
323.55 0 0
324.45 0 0
325.35 0 0
326.25 0 0
327.15 0 0
328.05 0 0
328.95 0 0
329.85 0 0
330.75 0 0
331.65 0 0
332.55 0 0
333.45 0 0
334.35 0 0
335.25 0 0
336.15 0 0
337.05 0 0
337.95 0 0
338.85 0 0
339.75 0 0
340.65 0 0
341.55 0 0
342.45 0 0
343.35 0 0
344.25 0 0
345.15 0 0
346.05 0 0
346.95 0 0
347.85 0 0
348.75 0 0
349.65 0 0
350.55 0 0
351.45 0 0
352.35 0 0
353.25 0 0
354.15 0 0
355.05 0 0
355.95 0 0
356.85 0 0
357.75 0 0
358.65 0 0
359.55 0 0
360.45 0 0
361.35 0 0
362.25 0 0
363.15 0 0
364.05 0 0
364.95 0 0
365.85 0 0
366.75 0 0
367.65 0 0
368.55 0 0
369.45 0 0
370.35 0 0
371.25 0 0
372.15 0 0
373.05 0 0
373.95 0 0
374.85 0 0
375.75 0 0
376.65 0 0
377.55 0 0
378.45 0 0
379.35 0 0
380.25 0 0
381.15 0 0
382.05 0 0
382.95 0 0
383.85 0 0
384.75 0 0
385.65 0 0
386.55 0 0
387.45 0 0
388.35 0 0
389.25 0 0
390.15 0 0
391.05 0 0
391.95 0 0
392.85 0 0
393.75 0 0
394.65 0 0
395.55 0 0
396.45 0 0
397.35 0 0
398.25 0 0
399.15 0 0
400.05 0 0
400.95 0 0
401.85 0 0
402.75 0 0
403.65 0 0
404.55 0 0
405.45 0 0
406.35 0 0
407.25 0 0
408.15 0 0
409.05 0 0
409.95 0 0
410.85 0 0
411.75 0 0
412.65 0 0
413.55 0 0
414.45 0 0
415.35 0 0
416.25 0 0
417.15 0 0
418.05 0 0
418.95 0 0
419.85 0 0
420.75 0 0
421.65 0 0
422.55 0 0
423.45 0 0
424.35 0 0
425.25 0 0
426.15 0 0
427.05 0 0
427.95 0 0
428.85 0 0
429.75 0 0
430.65 0 0
431.55 0 0
432.45 0 0
433.35 0 0
434.25 0 0
435.15 0 0
436.05 0 0
436.95 0 0
437.85 0 0
438.75 0 0
439.65 0 0
440.55 0 0
441.45 0 0
442.35 0 0
443.25 0 0
444.15 0 0
445.05 0 0
445.95 0 0
446.85 0 0
447.75 0 0
448.65 0 0
449.55 0 0
450.45 0 0
451.35 0 0
452.25 0 0
453.15 0 0
454.05 0 0
454.95 0 0
455.85 0 0
456.75 0 0
457.65 0 0
458.55 0 0
459.45 0 0
460.35 0 0
461.25 0 0
462.15 0 0
463.05 0 0
463.95 0 0
464.85 0 0
465.75 0 0
466.65 0 0
467.55 0 0
468.45 0 0
469.35 0 0
470.25 0 0
471.15 0 0
472.05 0 0
472.95 0 0
473.85 0 0
474.75 0 0
475.65 0 0
476.55 0 0
477.45 0 0
478.35 0 0
479.25 0 0
480.15 0 0
481.05 0 0
481.95 0 0
482.85 0 0
483.75 0 0
484.65 0 0
485.55 0 0
486.45 0 0
487.35 0 0
488.25 0 0
489.15 0 0
490.05 0 0
490.95 0 0
491.85 0 0
492.75 0 0
493.65 0 0
494.55 0 0
495.45 0 0
496.35 0 0
497.25 0 0
498.15 0 0
499.05 0 0
499.95 0 0
500.85 0 0
501.75 0 0
502.65 0 0
503.55 0 0
504.45 0 0
505.35 0 0
506.25 0 0
507.15 0 0
508.05 0 0
508.95 0 0
509.85 0 0
510.75 0 0
511.65 0 0
512.55 0 0
513.45 0 0
514.35 0 0
515.25 0 0
516.15 0 0
517.05 0 0
517.95 0 0
518.85 0 0
519.75 0 0
520.65 0 0
521.55 0 0
522.45 0 0
523.35 0 0
524.25 0 0
525.15 0 0
526.05 0 0
526.95 0 0
527.85 0 0
528.75 0 0
529.65 0 0
530.55 0 0
531.45 0 0
532.35 0 0
533.25 0 0
534.15 0 0
535.05 0 0
535.95 0 0
536.85 0 0
537.75 0 0
538.65 0 0
539.55 0 0
540.45 0 0
541.35 0 0
542.25 0 0
543.15 0 0
544.05 0 0
544.95 0 0
545.85 0 0
546.75 0 0
547.65 0 0
548.55 0 0
549.45 0 0
550.35 0 0
551.25 0 0
552.15 0 0
553.05 0 0
553.95 0 0
554.85 0 0
555.75 0 0
556.65 0 0
557.55 0 0
558.45 0 0
559.35 0 0
560.25 0 0
561.15 0 0
562.05 0 0
562.95 0 0
563.85 0 0
564.75 0 0
565.65 0 0
566.55 0 0
567.45 0 0
568.35 0 0
569.25 0 0
570.15 0 0
571.05 0 0
571.95 0 0
572.85 0 0
573.75 0 0
574.65 0 0
575.55 0 0
576.45 0 0
577.35 0 0
578.25 0 0
579.15 0 0
580.05 0 0
580.95 0 0
581.85 0 0
582.75 0 0
583.65 0 0
584.55 0 0
585.45 0 0
586.35 0 0
587.25 0 0
588.15 0 0
589.05 0 0
589.95 0 0
590.85 0 0
591.75 0 0
592.65 0 0
593.55 0 0
594.45 0 0
595.35 0 0
596.25 0 0
597.15 0 0
598.05 0 0
598.95 0 0
599.85 0 0
600.75 0 0
601.65 0 0
602.55 0 0
603.45 0 0
604.35 0 0
605.25 0 0
606.15 0 0
607.05 0 0
607.95 0 0
608.85 0 0
609.75 0 0
610.65 0 0
611.55 0 0
612.45 0 0
613.35 0 0
614.25 0 0
615.15 0 0
616.05 0 0
616.95 0 0
617.85 0 0
618.75 0 0
619.65 0 0
620.55 0 0
621.45 0 0
622.35 0 0
623.25 0 0
624.15 0 0
625.05 0 0
625.95 0 0
626.85 0 0
627.75 0 0
628.65 0 0
629.55 0 0
630.45 0 0
631.35 0 0
632.25 0 0
633.15 0 0
634.05 0 0
634.95 0 0
635.85 0 0
636.75 0 0
637.65 0 0
638.55 0 0
639.45 0 0
640.35 0 0
641.25 0 0
642.15 0 0
643.05 0 0
643.95 0 0
644.85 0 0
645.75 0 0
646.65 0 0
647.55 0 0
648.45 0 0
649.35 0 0
650.25 0 0
651.15 0 0
652.05 0 0
652.95 0 0
653.85 0 0
654.75 0 0
655.65 0 0
656.55 0 0
657.45 0 0
658.35 0 0
659.25 0 0
660.15 0 0
661.05 0 0
661.95 0 0
662.85 0 0
663.75 0 0
664.65 0 0
665.55 0 0
666.45 0 0
667.35 0 0
668.25 0 0
669.15 0 0
670.05 0 0
670.95 0 0
671.85 0 0
672.75 0 0
673.65 0 0
674.55 0 0
675.45 0 0
676.35 0 0
677.25 0 0
678.15 0 0
679.05 0 0
679.95 0 0
680.85 0 0
681.75 0 0
682.65 0 0
683.55 0 0
684.45 0 0
685.35 0 0
686.25 0 0
687.15 0 0
688.05 0 0
688.95 0 0
689.85 0 0
690.75 0 0
691.65 0 0
692.55 0 0
693.45 0 0
694.35 0 0
695.25 0 0
696.15 0 0
697.05 0 0
697.95 0 0
698.85 0 0
699.75 0 0
700.65 0 0
701.55 0 0
702.45 0 0
703.35 0 0
704.25 0 0
705.15 0 0
706.05 0 0
706.95 0 0
707.85 0 0
708.75 0 0
709.65 0 0
710.55 0 0
711.45 0 0
712.35 0 0
713.25 0 0
714.15 0 0
715.05 0 0
715.95 0 0
716.85 0 0
717.75 0 0
718.65 0 0
719.55 0 0
720.45 0 0
721.35 0 0
722.25 0 0
723.15 0 0
724.05 0 0
724.95 0 0
725.85 0 0
726.75 0 0
727.65 0 0
728.55 0 0
729.45 0 0
730.35 0 0
731.25 0 0
732.15 0 0
733.05 0 0
733.95 0 0
734.85 0 0
735.75 0 0
736.65 0 0
737.55 0 0
738.45 0 0
739.35 0 0
740.25 0 0
741.15 0 0
742.05 0 0
742.95 0 0
743.85 0 0
744.75 0 0
745.65 0 0
746.55 0 0
747.45 0 0
748.35 0 0
749.25 0 0
750.15 0 0
751.05 0 0
751.95 0 0
752.85 0 0
753.75 0 0
754.65 0 0
755.55 0 0
756.45 0 0
757.35 0 0
758.25 0 0
759.15 0 0
760.05 0 0
760.95 0 0
761.85 0 0
762.75 0 0
763.65 0 0
764.55 0 0
765.45 0 0
766.35 0 0
767.25 0 0
768.15 0 0
769.05 0 0
769.95 0 0
770.85 0 0
771.75 0 0
772.65 0 0
773.55 0 0
774.45 0 0
775.35 0 0
776.25 0 0
777.15 0 0
778.05 0 0
778.95 0 0
779.85 0 0
780.75 0 0
781.65 0 0
782.55 0 0
783.45 0 0
784.35 0 0
785.25 0 0
786.15 0 0
787.05 0 0
787.95 0 0
788.85 0 0
789.75 0 0
790.65 0 0
791.55 0 0
792.45 0 0
793.35 0 0
794.25 0 0
795.15 0 0
796.05 0 0
796.95 0 0
797.85 0 0
798.75 0 0
799.65 0 0
800.55 0 0
801.45 0 0
802.35 0 0
803.25 0 0
804.15 0 0
805.05 0 0
805.95 0 0
806.85 0 0
807.75 0 0
808.65 0 0
809.55 0 0
810.45 0 0
811.35 0 0
812.25 0 0
813.15 0 0
814.05 0 0
814.95 0 0
815.85 0 0
816.75 0 0
817.65 0 0
818.55 0 0
819.45 0 0
820.35 0 0
821.25 0 0
822.15 0 0
823.05 0 0
823.95 0 0
824.85 0 0
825.75 0 0
826.65 0 0
827.55 0 0
828.45 0 0
829.35 0 0
830.25 0 0
831.15 0 0
832.05 0 0
832.95 0 0
833.85 0 0
834.75 0 0
835.65 0 0
836.55 0 0
837.45 0 0
838.35 0 0
839.25 0 0
840.15 0 0
841.05 0 0
841.95 0 0
842.85 0 0
843.75 0 0
844.65 0 0
845.55 0 0
846.45 0 0
847.35 0 0
848.25 0 0
849.15 0 0
850.05 0 0
850.95 0 0
851.85 0 0
852.75 0 0
853.65 0 0
854.55 0 0
855.45 0 0
856.35 0 0
857.25 0 0
858.15 0 0
859.05 0 0
859.95 0 0
860.85 0 0
861.75 0 0
862.65 0 0
863.55 0 0
864.45 0 0
865.35 0 0
866.25 0 0
867.15 0 0
868.05 0 0
868.95 0 0
869.85 0 0
870.75 0 0
871.65 0 0
872.55 0 0
873.45 0 0
874.35 0 0
875.25 0 0
876.15 0 0
877.05 0 0
877.95 0 0
878.85 0 0
879.75 0 0
880.65 0 0
881.55 0 0
882.45 0 0
883.35 0 0
884.25 0 0
885.15 0 0
886.05 0 0
886.95 0 0
887.85 0 0
888.75 0 0
889.65 0 0
890.55 0 0
891.45 0 0
892.35 0 0
893.25 0 0
894.15 0 0
895.05 0 0
895.95 0 0
896.85 0 0
897.75 0 0
898.65 0 0
899.55 0 0
