0.45 1596 39.95
1.35 1692 41.1339
2.25 1652 40.6448
3.15 1722 41.497
4.05 1627 40.3361
4.95 1647 40.5832
5.85 1662 40.7676
6.75 1660 40.7431
7.65 1639 40.4846
8.55 1646 40.5709
9.45 1684 41.0366
10.35 1593 39.9124
11.25 1589 39.8623
12.15 1630 40.3733
13.05 1600 40
13.95 1621 40.2616
14.85 1648 40.5956
15.75 1588 39.8497
16.65 1620 40.2492
17.55 1610 40.1248
18.45 1585 39.8121
19.35 1542 39.2683
20.25 1576 39.6989
21.15 1562 39.5221
22.05 1477 38.4318
22.95 1493 38.6394
23.85 1562 39.5221
24.75 1590 39.8748
25.65 1576 39.6989
26.55 1545 39.3065
27.45 1528 39.0896
28.35 1515 38.923
29.25 1475 38.4057
30.15 1491 38.6135
31.05 1537 39.2046
31.95 1560 39.4968
32.85 1533 39.1535
33.75 1433 37.855
34.65 1564 39.5474
35.55 1498 38.704
36.45 1455 38.1445
37.35 1535 39.1791
38.25 1560 39.4968
39.15 1547 39.3319
40.05 1515 38.923
40.95 1413 37.5899
41.85 1500 38.7298
42.75 1381 37.1618
43.65 1453 38.1182
44.55 1436 37.8946
45.45 1426 37.7624
46.35 1415 37.6165
47.25 1379 37.1349
48.15 1435 37.8814
49.05 1451 38.092
49.95 1503 38.7685
50.85 1442 37.9737
51.75 1405 37.4833
52.65 1474 38.3927
53.55 1338 36.5787
54.45 1382 37.1753
55.35 1513 38.8973
56.25 1365 36.9459
57.15 1411 37.5633
58.05 1491 38.6135
58.95 1419 37.6696
59.85 1354 36.7967
60.75 1331 36.4829
61.65 1360 36.8782
62.55 1433 37.855
63.45 1367 36.973
64.35 1368 36.9865
65.25 1358 36.8511
66.15 1306 36.1386
67.05 1366 36.9594
67.95 1310 36.1939
68.85 1305 36.1248
69.75 1334 36.524
70.65 1291 35.9305
71.55 1325 36.4005
72.45 1316 36.2767
73.35 1318 36.3043
74.25 1279 35.7631
75.15 1242 35.242
76.05 1243 35.2562
76.95 1250 35.3553
77.85 1285 35.8469
78.75 1287 35.8748
79.65 1208 34.7563
80.55 1271 35.6511
81.45 1239 35.1994
82.35 1264 35.5528
83.25 1298 36.0278
84.15 1202 34.6699
85.05 1160 34.0588
85.95 1252 35.3836
86.85 1259 35.4824
87.75 1200 34.641
88.65 1135 33.6898
89.55 1229 35.0571
90.45 1226 35.0143
91.35 1261 35.5106
92.25 1207 34.7419
93.15 1170 34.2053
94.05 1144 33.8231
94.95 1205 34.7131
95.85 1120 33.4664
96.75 1130 33.6155
97.65 1083 32.909
98.55 1125 33.541
99.45 1162 34.0881
100.35 1134 33.6749
101.25 1106 33.2566
102.15 1165 34.1321
103.05 1135 33.6898
103.95 1169 34.1906
104.85 1159 34.0441
105.75 1056 32.4962
106.65 1170 34.2053
107.55 1161 34.0735
108.45 1119 33.4515
109.35 1114 33.3766
110.25 1050 32.4037
111.15 1060 32.5576
112.05 1092 33.0454
112.95 1083 32.909
113.85 1084 32.9242
114.75 1098 33.1361
115.65 1063 32.6037
116.55 1089 33
117.45 1054 32.4654
118.35 1071 32.7261
119.25 1061 32.573
120.15 1092 33.0454
121.05 1083 32.909
121.95 1084 32.9242
122.85 1069 32.6956
123.75 1067 32.665
124.65 1039 32.2335
125.55 1073 32.7567
126.45 982 31.3369
127.35 1081 32.8786
128.25 1023 31.9844
129.15 1059 32.5423
130.05 1044 32.311
130.95 1071 32.7261
131.85 1158 34.0294
132.75 1001 31.6386
133.65 1034 32.1559
134.55 996 31.5595
135.45 1080 32.8634
136.35 1061 32.573
137.25 1055 32.4808
138.15 1082 32.8938
139.05 954 30.8869
139.95 985 31.3847
140.85 945 30.7409
141.75 976 31.241
142.65 1021 31.9531
143.55 1030 32.0936
144.45 1023 31.9844
145.35 987 31.4166
146.25 1015 31.8591
147.15 1059 32.5423
148.05 1040 32.249
148.95 1025 32.0156
149.85 1023 31.9844
150.75 1043 32.2955
151.65 1001 31.6386
152.55 982 31.3369
153.45 1003 31.6702
154.35 999 31.607
155.25 997 31.5753
156.15 1043 32.2955
157.05 1040 32.249
157.95 1043 32.2955
158.85 1049 32.3883
159.75 1005 31.7017
160.65 1016 31.8748
161.55 974 31.209
162.45 1058 32.5269
163.35 1017 31.8904
164.25 1064 32.619
165.15 1030 32.0936
166.05 1019 31.9218
166.95 1037 32.2025
167.85 1009 31.7648
168.75 1045 32.3265
169.65 1069 32.6956
170.55 1007 31.7333
171.45 1040 32.249
172.35 1051 32.4191
173.25 1096 33.1059
174.15 1035 32.1714
175.05 1046 32.3419
175.95 1010 31.7805
176.85 1021 31.9531
177.75 1025 32.0156
178.65 1051 32.4191
179.55 1025 32.0156
180.45 1005 31.7017
181.35 1102 33.1964
182.25 1068 32.6803
183.15 1032 32.1248
184.05 1065 32.6343
184.95 1056 32.4962
185.85 1035 32.1714
186.75 1031 32.1092
187.65 1152 33.9411
188.55 1059 32.5423
189.45 1102 33.1964
190.35 1074 32.7719
191.25 1082 32.8938
192.15 1137 33.7194
193.05 1104 33.2265
193.95 1067 32.665
194.85 1079 32.8481
195.75 1136 33.7046
196.65 1118 33.4365
197.55 1121 33.4813
198.45 1164 34.1174
199.35 1150 33.9116
200.25 1130 33.6155
201.15 1190 34.4964
202.05 1208 34.7563
202.95 1206 34.7275
203.85 1249 35.3412
204.75 1204 34.6987
205.65 1219 34.9142
206.55 1193 34.5398
207.45 1264 35.5528
208.35 1254 35.4119
209.25 1227 35.0286
210.15 1322 36.3593
211.05 1248 35.327
211.95 1240 35.2136
212.85 1300 36.0555
213.75 1326 36.4143
214.65 1277 35.7351
215.55 1311 36.2077
216.45 1403 37.4566
217.35 1400 37.4166
218.25 1406 37.4967
219.15 1319 36.318
220.05 1413 37.5899
220.95 1388 37.2559
221.85 1458 38.1838
222.75 1452 38.1051
223.65 1415 37.6165
224.55 1464 38.2623
225.45 1502 38.7556
226.35 1520 38.9872
227.25 1493 38.6394
228.15 1495 38.6652
229.05 1558 39.4715
229.95 1527 39.0768
230.85 1633 40.4104
231.75 1557 39.4588
232.65 1633 40.4104
233.55 1683 41.0244
234.45 1663 40.7799
235.35 1629 40.3609
236.25 1679 40.9756
237.15 1710 41.3521
238.05 1735 41.6533
238.95 1787 42.2729
239.85 1700 41.2311
240.75 1747 41.7971
241.65 1811 42.5558
242.55 1809 42.5323
243.45 1893 43.5086
244.35 1972 44.4072
245.25 1872 43.2666
246.15 1955 44.2154
247.05 1912 43.7264
247.95 1914 43.7493
248.85 1949 44.1475
249.75 1972 44.4072
250.65 1979 44.486
251.55 1961 44.2832
252.45 1794 42.3556
253.35 1290 35.9166
254.25 711 26.6646
255.15 485 22.0227
256.05 448 21.166
256.95 398 19.9499
257.85 344 18.5472
258.75 366 19.1311
259.65 337 18.3576
260.55 322 17.9444
261.45 291 17.0587
262.35 301 17.3494
263.25 313 17.6918
264.15 270 16.4317
265.05 279 16.7033
265.95 275 16.5831
266.85 254 15.9374
267.75 275 16.5831
268.65 250 15.8114
269.55 262 16.1864
270.45 250 15.8114
271.35 240 15.4919
272.25 254 15.9374
273.15 242 15.5563
274.05 236 15.3623
274.95 245 15.6525
275.85 221 14.8661
276.75 213 14.5945
277.65 218 14.7648
278.55 264 16.2481
279.45 226 15.0333
280.35 206 14.3527
281.25 216 14.6969
282.15 215 14.6629
283.05 229 15.1327
283.95 229 15.1327
284.85 212 14.5602
285.75 216 14.6969
286.65 216 14.6969
287.55 210 14.4914
288.45 225 15
289.35 223 14.9332
290.25 189 13.7477
291.15 206 14.3527
292.05 205 14.3178
292.95 173 13.1529
293.85 208 14.4222
294.75 227 15.0665
295.65 189 13.7477
296.55 184 13.5647
297.45 175 13.2288
298.35 177 13.3041
299.25 203 14.2478
300.15 200 14.1421
301.05 178 13.3417
301.95 199 14.1067
302.85 172 13.1149
303.75 154 12.4097
304.65 170 13.0384
305.55 154 12.4097
306.45 187 13.6748
307.35 142 11.9164
308.25 111 10.5357
309.15 117 10.8167
310.05 99 9.94987
310.95 112 10.583
311.85 70 8.3666
312.75 62 7.87401
313.65 66 8.12404
314.55 54 7.34847
315.45 60 7.74597
316.35 43 6.55744
317.25 48 6.9282
318.15 38 6.16441
319.05 35 5.91608
319.95 30 5.47723
320.85 36 6
321.75 30 5.47723
322.65 33 5.74456
323.55 27 5.19615
324.45 32 5.65685
325.35 28 5.2915
326.25 30 5.47723
327.15 39 6.245
328.05 30 5.47723
328.95 14 3.74166
329.85 28 5.2915
330.75 17 4.12311
331.65 20 4.47214
332.55 18 4.24264
333.45 12 3.4641
334.35 18 4.24264
335.25 12 3.4641
336.15 6 2.44949
337.05 9 3
337.95 11 3.31662
338.85 9 3
339.75 7 2.64575
340.65 4 2
341.55 4 2
342.45 4 2
343.35 3 1.73205
344.25 4 2
345.15 2 1.41421
346.05 5 2.23607
346.95 3 1.73205
347.85 5 2.23607
348.75 3 1.73205
349.65 0 0
350.55 1 1
351.45 0 0
352.35 1 1
353.25 1 1
354.15 2 1.41421
355.05 2 1.41421
355.95 1 1
356.85 0 0
357.75 1 1
358.65 1 1
359.55 0 0
360.45 0 0
361.35 0 0
362.25 0 0
363.15 0 0
364.05 0 0
364.95 0 0
365.85 0 0
366.75 0 0
367.65 0 0
368.55 0 0
369.45 0 0
370.35 0 0
371.25 0 0
372.15 0 0
373.05 0 0
373.95 0 0
374.85 0 0
375.75 0 0
376.65 0 0
377.55 0 0
378.45 0 0
379.35 0 0
380.25 0 0
381.15 0 0
382.05 0 0
382.95 0 0
383.85 0 0
384.75 0 0
385.65 0 0
386.55 0 0
387.45 0 0
388.35 0 0
389.25 0 0
390.15 1 1
391.05 0 0
391.95 0 0
392.85 0 0
393.75 0 0
394.65 0 0
395.55 0 0
396.45 0 0
397.35 0 0
398.25 0 0
399.15 0 0
400.05 0 0
400.95 0 0
401.85 0 0
402.75 0 0
403.65 0 0
404.55 0 0
405.45 0 0
406.35 0 0
407.25 0 0
408.15 0 0
409.05 0 0
409.95 0 0
410.85 98 9.89949
411.75 0 0
412.65 0 0
413.55 0 0
414.45 0 0
415.35 0 0
416.25 0 0
417.15 0 0
418.05 0 0
418.95 0 0
419.85 0 0
420.75 0 0
421.65 0 0
422.55 0 0
423.45 0 0
424.35 0 0
425.25 0 0
426.15 0 0
427.05 0 0
427.95 0 0
428.85 0 0
429.75 0 0
430.65 0 0
431.55 0 0
432.45 0 0
433.35 0 0
434.25 0 0
435.15 0 0
436.05 0 0
436.95 0 0
437.85 0 0
438.75 0 0
439.65 0 0
440.55 0 0
441.45 0 0
442.35 0 0
443.25 0 0
444.15 0 0
445.05 0 0
445.95 0 0
446.85 0 0
447.75 0 0
448.65 0 0
449.55 0 0
450.45 0 0
451.35 0 0
452.25 0 0
453.15 0 0
454.05 0 0
454.95 0 0
455.85 0 0
456.75 0 0
457.65 0 0
458.55 0 0
459.45 0 0
460.35 0 0
461.25 0 0
462.15 0 0
463.05 0 0
463.95 0 0
464.85 0 0
465.75 0 0
466.65 0 0
467.55 0 0
468.45 0 0
469.35 0 0
470.25 0 0
471.15 0 0
472.05 0 0
472.95 0 0
473.85 0 0
474.75 0 0
475.65 0 0
476.55 0 0
477.45 0 0
478.35 0 0
479.25 0 0
480.15 0 0
481.05 0 0
481.95 0 0
482.85 0 0
483.75 0 0
484.65 0 0
485.55 0 0
486.45 0 0
487.35 0 0
488.25 0 0
489.15 0 0
490.05 0 0
490.95 0 0
491.85 0 0
492.75 0 0
493.65 0 0
494.55 0 0
495.45 0 0
496.35 0 0
497.25 0 0
498.15 0 0
499.05 0 0
499.95 0 0
500.85 0 0
501.75 0 0
502.65 0 0
503.55 0 0
504.45 0 0
505.35 0 0
506.25 0 0
507.15 0 0
508.05 0 0
508.95 0 0
509.85 0 0
510.75 0 0
511.65 0 0
512.55 0 0
513.45 0 0
514.35 0 0
515.25 0 0
516.15 0 0
517.05 0 0
517.95 0 0
518.85 0 0
519.75 0 0
520.65 0 0
521.55 0 0
522.45 0 0
523.35 0 0
524.25 0 0
525.15 0 0
526.05 0 0
526.95 0 0
527.85 0 0
528.75 0 0
529.65 0 0
530.55 0 0
531.45 0 0
532.35 0 0
533.25 0 0
534.15 0 0
535.05 0 0
535.95 0 0
536.85 0 0
537.75 0 0
538.65 0 0
539.55 0 0
540.45 0 0
541.35 0 0
542.25 0 0
543.15 0 0
544.05 0 0
544.95 0 0
545.85 0 0
546.75 0 0
547.65 0 0
548.55 0 0
549.45 0 0
550.35 0 0
551.25 0 0
552.15 0 0
553.05 0 0
553.95 0 0
554.85 0 0
555.75 0 0
556.65 0 0
557.55 0 0
558.45 0 0
559.35 0 0
560.25 0 0
561.15 0 0
562.05 0 0
562.95 0 0
563.85 0 0
564.75 0 0
565.65 0 0
566.55 0 0
567.45 0 0
568.35 0 0
569.25 0 0
570.15 0 0
571.05 0 0
571.95 0 0
572.85 0 0
573.75 0 0
574.65 0 0
575.55 0 0
576.45 0 0
577.35 0 0
578.25 0 0
579.15 0 0
580.05 0 0
580.95 0 0
581.85 0 0
582.75 0 0
583.65 0 0
584.55 0 0
585.45 0 0
586.35 0 0
587.25 0 0
588.15 0 0
589.05 0 0
589.95 0 0
590.85 0 0
591.75 0 0
592.65 0 0
593.55 0 0
594.45 0 0
595.35 0 0
596.25 0 0
597.15 0 0
598.05 0 0
598.95 0 0
599.85 0 0
600.75 0 0
601.65 0 0
602.55 0 0
603.45 0 0
604.35 0 0
605.25 0 0
606.15 0 0
607.05 0 0
607.95 0 0
608.85 0 0
609.75 0 0
610.65 0 0
611.55 0 0
612.45 0 0
613.35 0 0
614.25 0 0
615.15 0 0
616.05 0 0
616.95 0 0
617.85 0 0
618.75 0 0
619.65 0 0
620.55 0 0
621.45 0 0
622.35 0 0
623.25 0 0
624.15 0 0
625.05 0 0
625.95 0 0
626.85 0 0
627.75 0 0
628.65 0 0
629.55 0 0
630.45 0 0
631.35 0 0
632.25 0 0
633.15 0 0
634.05 0 0
634.95 0 0
635.85 0 0
636.75 0 0
637.65 0 0
638.55 0 0
639.45 0 0
640.35 0 0
641.25 0 0
642.15 0 0
643.05 0 0
643.95 0 0
644.85 0 0
645.75 0 0
646.65 0 0
647.55 0 0
648.45 0 0
649.35 0 0
650.25 0 0
651.15 0 0
652.05 0 0
652.95 0 0
653.85 0 0
654.75 0 0
655.65 0 0
656.55 0 0
657.45 0 0
658.35 0 0
659.25 0 0
660.15 0 0
661.05 0 0
661.95 0 0
662.85 0 0
663.75 0 0
664.65 0 0
665.55 0 0
666.45 0 0
667.35 0 0
668.25 0 0
669.15 0 0
670.05 0 0
670.95 0 0
671.85 0 0
672.75 0 0
673.65 0 0
674.55 0 0
675.45 0 0
676.35 0 0
677.25 0 0
678.15 0 0
679.05 0 0
679.95 0 0
680.85 0 0
681.75 0 0
682.65 0 0
683.55 0 0
684.45 0 0
685.35 0 0
686.25 0 0
687.15 0 0
688.05 0 0
688.95 0 0
689.85 0 0
690.75 0 0
691.65 0 0
692.55 0 0
693.45 0 0
694.35 0 0
695.25 0 0
696.15 0 0
697.05 0 0
697.95 0 0
698.85 0 0
699.75 0 0
700.65 0 0
701.55 0 0
702.45 0 0
703.35 0 0
704.25 0 0
705.15 0 0
706.05 0 0
706.95 0 0
707.85 0 0
708.75 0 0
709.65 0 0
710.55 0 0
711.45 0 0
712.35 0 0
713.25 0 0
714.15 0 0
715.05 0 0
715.95 0 0
716.85 0 0
717.75 0 0
718.65 0 0
719.55 0 0
720.45 0 0
721.35 0 0
722.25 0 0
723.15 0 0
724.05 0 0
724.95 0 0
725.85 0 0
726.75 0 0
727.65 0 0
728.55 0 0
729.45 0 0
730.35 0 0
731.25 0 0
732.15 0 0
733.05 0 0
733.95 0 0
734.85 0 0
735.75 0 0
736.65 0 0
737.55 0 0
738.45 0 0
739.35 0 0
740.25 0 0
741.15 0 0
742.05 0 0
742.95 0 0
743.85 0 0
744.75 0 0
745.65 0 0
746.55 0 0
747.45 0 0
748.35 0 0
749.25 0 0
750.15 0 0
751.05 0 0
751.95 0 0
752.85 0 0
753.75 0 0
754.65 0 0
755.55 0 0
756.45 0 0
757.35 0 0
758.25 0 0
759.15 0 0
760.05 0 0
760.95 0 0
761.85 0 0
762.75 0 0
763.65 0 0
764.55 0 0
765.45 0 0
766.35 0 0
767.25 0 0
768.15 0 0
769.05 0 0
769.95 0 0
770.85 0 0
771.75 0 0
772.65 0 0
773.55 0 0
774.45 0 0
775.35 0 0
776.25 0 0
777.15 0 0
778.05 0 0
778.95 0 0
779.85 0 0
780.75 0 0
781.65 0 0
782.55 0 0
783.45 0 0
784.35 0 0
785.25 0 0
786.15 0 0
787.05 0 0
787.95 0 0
788.85 0 0
789.75 0 0
790.65 0 0
791.55 0 0
792.45 0 0
793.35 0 0
794.25 0 0
795.15 0 0
796.05 0 0
796.95 0 0
797.85 0 0
798.75 0 0
799.65 0 0
800.55 0 0
801.45 0 0
802.35 0 0
803.25 0 0
804.15 0 0
805.05 0 0
805.95 0 0
806.85 0 0
807.75 0 0
808.65 0 0
809.55 0 0
810.45 0 0
811.35 0 0
812.25 0 0
813.15 0 0
814.05 0 0
814.95 0 0
815.85 0 0
816.75 0 0
817.65 0 0
818.55 0 0
819.45 0 0
820.35 0 0
821.25 0 0
822.15 0 0
823.05 0 0
823.95 0 0
824.85 0 0
825.75 0 0
826.65 0 0
827.55 0 0
828.45 0 0
829.35 0 0
830.25 0 0
831.15 0 0
832.05 0 0
832.95 0 0
833.85 0 0
834.75 0 0
835.65 0 0
836.55 0 0
837.45 0 0
838.35 0 0
839.25 0 0
840.15 0 0
841.05 0 0
841.95 0 0
842.85 0 0
843.75 0 0
844.65 0 0
845.55 0 0
846.45 0 0
847.35 0 0
848.25 0 0
849.15 0 0
850.05 0 0
850.95 0 0
851.85 0 0
852.75 0 0
853.65 0 0
854.55 0 0
855.45 0 0
856.35 0 0
857.25 0 0
858.15 0 0
859.05 0 0
859.95 0 0
860.85 0 0
861.75 0 0
862.65 0 0
863.55 0 0
864.45 0 0
865.35 0 0
866.25 0 0
867.15 0 0
868.05 0 0
868.95 0 0
869.85 0 0
870.75 0 0
871.65 0 0
872.55 0 0
873.45 0 0
874.35 0 0
875.25 0 0
876.15 0 0
877.05 0 0
877.95 0 0
878.85 0 0
879.75 0 0
880.65 0 0
881.55 0 0
882.45 0 0
883.35 0 0
884.25 0 0
885.15 0 0
886.05 0 0
886.95 0 0
887.85 0 0
888.75 0 0
889.65 0 0
890.55 0 0
891.45 0 0
892.35 0 0
893.25 0 0
894.15 0 0
895.05 0 0
895.95 0 0
896.85 0 0
897.75 0 0
898.65 0 0
899.55 0 0
