0.45 1868 43.2204
1.35 1858 43.1045
2.25 1983 44.5309
3.15 1960 44.2719
4.05 1990 44.6094
4.95 1944 44.0908
5.85 1919 43.8064
6.75 1938 44.0227
7.65 2026 45.0111
8.55 1981 44.5084
9.45 1862 43.1509
10.35 1889 43.4626
11.25 1981 44.5084
12.15 1905 43.6463
13.05 1948 44.1362
13.95 1901 43.6005
14.85 1942 44.0681
15.75 1862 43.1509
16.65 1908 43.6807
17.55 1930 43.9318
18.45 1843 42.9302
19.35 1969 44.3734
20.25 1871 43.2551
21.15 1846 42.9651
22.05 2010 44.833
22.95 1898 43.566
23.85 1826 42.7317
24.75 1773 42.107
25.65 1812 42.5676
26.55 1843 42.9302
27.45 1815 42.6028
28.35 1909 43.6921
29.25 1783 42.2256
30.15 1852 43.0349
31.05 1822 42.6849
31.95 1863 43.1625
32.85 1832 42.8019
33.75 1839 42.8836
34.65 1928 43.909
35.55 1789 42.2966
36.45 1891 43.4856
37.35 1831 42.7902
38.25 1792 42.332
39.15 1826 42.7317
40.05 1818 42.638
40.95 1751 41.845
41.85 1843 42.9302
42.75 1879 43.3474
43.65 1764 42
44.55 1764 42
45.45 1829 42.7668
46.35 1718 41.4488
47.25 1807 42.5088
48.15 1778 42.1663
49.05 1813 42.5793
49.95 1824 42.7083
50.85 1806 42.4971
51.75 1811 42.5558
52.65 1804 42.4735
53.55 1802 42.45
54.45 1813 42.5793
55.35 1796 42.3792
56.25 1798 42.4028
57.15 1810 42.5441
58.05 1804 42.4735
58.95 1874 43.2897
59.85 1783 42.2256
60.75 1727 41.5572
61.65 1776 42.1426
62.55 1791 42.3202
63.45 1798 42.4028
64.35 1738 41.6893
65.25 1793 42.3438
66.15 1675 40.9268
67.05 1844 42.9418
67.95 1789 42.2966
68.85 1709 41.3401
69.75 1753 41.8688
70.65 1719 41.4608
71.55 1731 41.6053
72.45 1734 41.6413
73.35 1735 41.6533
74.25 1693 41.1461
75.15 1729 41.5812
76.05 1761 41.9643
76.95 1765 42.0119
77.85 1781 42.2019
78.75 1806 42.4971
79.65 1770 42.0714
80.55 1743 41.7493
81.45 1810 42.5441
82.35 1676 40.939
83.25 1796 42.3792
84.15 1798 42.4028
85.05 1688 41.0853
85.95 1662 40.7676
86.85 1606 40.0749
87.75 1738 41.6893
88.65 1679 40.9756
89.55 1735 41.6533
90.45 1613 40.1622
91.35 1657 40.7063
92.25 1672 40.8901
93.15 1709 41.3401
94.05 1627 40.3361
94.95 1666 40.8167
95.85 1627 40.3361
96.75 1611 40.1373
97.65 1760 41.9524
98.55 1600 40
99.45 1663 40.7799
100.35 1570 39.6232
101.25 1661 40.7554
102.15 1635 40.4351
103.05 1656 40.694
103.95 1647 40.5832
104.85 1637 40.4599
105.75 1615 40.1871
106.65 1553 39.4081
107.55 1570 39.6232
108.45 1592 39.8999
109.35 1508 38.833
110.25 1544 39.2938
111.15 1572 39.6485
112.05 1557 39.4588
112.95 1539 39.2301
113.85 1530 39.1152
114.75 1500 38.7298
115.65 1624 40.2989
116.55 1547 39.3319
117.45 1613 40.1622
118.35 1565 39.5601
119.25 1568 39.598
120.15 1519 38.9744
121.05 1538 39.2173
121.95 1525 39.0512
122.85 1564 39.5474
123.75 1578 39.724
124.65 1575 39.6863
125.55 1539 39.2301
126.45 1640 40.4969
127.35 1490 38.6005
128.25 1572 39.6485
129.15 1560 39.4968
130.05 1552 39.3954
130.95 1522 39.0128
131.85 1477 38.4318
132.75 1579 39.7366
133.65 1513 38.8973
134.55 1510 38.8587
135.45 1486 38.5487
136.35 1529 39.1024
137.25 1586 39.8246
138.15 1580 39.7492
139.05 1440 37.9473
139.95 1471 38.3536
140.85 1505 38.7943
141.75 1465 38.2753
142.65 1528 39.0896
143.55 1489 38.5876
144.45 1488 38.5746
145.35 1428 37.7889
146.25 1498 38.704
147.15 1421 37.6962
148.05 1548 39.3446
148.95 1561 39.5095
149.85 1430 37.8153
150.75 1478 38.4448
151.65 1459 38.1969
152.55 1507 38.8201
153.45 1490 38.6005
154.35 1499 38.7169
155.25 1470 38.3406
156.15 1479 38.4578
157.05 1486 38.5487
157.95 1433 37.855
158.85 1428 37.7889
159.75 1507 38.8201
160.65 1524 39.0384
161.55 1470 38.3406
162.45 1446 38.0263
163.35 1473 38.3797
164.25 1443 37.9868
165.15 1480 38.4708
166.05 1432 37.8418
166.95 1425 37.7492
167.85 1406 37.4967
168.75 1392 37.3095
169.65 1508 38.833
170.55 1382 37.1753
171.45 1360 36.8782
172.35 1411 37.5633
173.25 1450 38.0789
174.15 1470 38.3406
175.05 1448 38.0526
175.95 1416 37.6298
176.85 1474 38.3927
177.75 1427 37.7757
178.65 1391 37.2961
179.55 1403 37.4566
180.45 1369 37
181.35 1422 37.7094
182.25 1402 37.4433
183.15 1316 36.2767
184.05 1434 37.8682
184.95 1480 38.4708
185.85 1338 36.5787
186.75 1372 37.0405
187.65 1411 37.5633
188.55 1400 37.4166
189.45 1376 37.0945
190.35 1423 37.7227
191.25 1400 37.4166
192.15 1447 38.0395
193.05 1416 37.6298
193.95 1355 36.8103
194.85 1386 37.229
195.75 1355 36.8103
196.65 1344 36.6606
197.55 1384 37.2022
198.45 1330 36.4692
199.35 1339 36.5923
200.25 1316 36.2767
201.15 1429 37.8021
202.05 1413 37.5899
202.95 1393 37.3229
203.85 1352 36.7696
204.75 1352 36.7696
205.65 1393 37.3229
206.55 1329 36.4555
207.45 1396 37.3631
208.35 1291 35.9305
209.25 1362 36.9053
210.15 1378 37.1214
211.05 1438 37.921
211.95 1416 37.6298
212.85 1310 36.1939
213.75 1338 36.5787
214.65 1390 37.2827
215.55 1363 36.9188
216.45 1406 37.4967
217.35 1337 36.565
218.25 1295 35.9861
219.15 1367 36.973
220.05 1305 36.1248
220.95 1344 36.6606
221.85 1346 36.6879
222.75 1351 36.756
223.65 1309 36.1801
224.55 1366 36.9594
225.45 1319 36.318
226.35 1293 35.9583
227.25 1314 36.2491
228.15 1376 37.0945
229.05 1404 37.47
229.95 1339 36.5923
230.85 1268 35.609
231.75 1377 37.108
232.65 1340 36.606
233.55 1365 36.9459
234.45 1347 36.7015
235.35 1347 36.7015
236.25 1289 35.9026
237.15 1272 35.6651
238.05 1392 37.3095
238.95 1332 36.4966
239.85 1390 37.2827
240.75 1256 35.4401
241.65 1337 36.565
242.55 1329 36.4555
243.45 1270 35.6371
244.35 1249 35.3412
245.25 1282 35.805
246.15 1275 35.7071
247.05 1288 35.8887
247.95 1307 36.1525
248.85 1271 35.6511
249.75 1274 35.6931
250.65 1361 36.8917
251.55 1323 36.3731
252.45 1279 35.7631
253.35 1316 36.2767
254.25 1251 35.3695
255.15 1357 36.8375
256.05 1331 36.4829
256.95 1283 35.819
257.85 1293 35.9583
258.75 1273 35.6791
259.65 1220 34.9285
260.55 1250 35.3553
261.45 1296 36
262.35 1316 36.2767
263.25 1259 35.4824
264.15 1315 36.2629
265.05 1253 35.3977
265.95 1293 35.9583
266.85 1292 35.9444
267.75 1287 35.8748
268.65 1312 36.2215
269.55 1264 35.5528
270.45 1275 35.7071
271.35 1284 35.8329
272.25 1304 36.1109
273.15 1249 35.3412
274.05 1305 36.1248
274.95 1266 35.5809
275.85 1270 35.6371
276.75 1259 35.4824
277.65 1226 35.0143
278.55 1258 35.4683
279.45 1244 35.2704
280.35 1247 35.3129
281.25 1228 35.0428
282.15 1232 35.0999
283.05 1188 34.4674
283.95 1240 35.2136
284.85 1279 35.7631
285.75 1244 35.2704
286.65 1268 35.609
287.55 1288 35.8887
288.45 1298 36.0278
289.35 1214 34.8425
290.25 1306 36.1386
291.15 1222 34.9571
292.05 1259 35.4824
292.95 1207 34.7419
293.85 1299 36.0416
294.75 1242 35.242
295.65 1247 35.3129
296.55 1245 35.2846
297.45 1237 35.171
298.35 1248 35.327
299.25 1273 35.6791
300.15 1275 35.7071
301.05 1223 34.9714
301.95 1274 35.6931
302.85 1262 35.5246
303.75 1262 35.5246
304.65 1232 35.0999
305.55 1241 35.2278
306.45 1240 35.2136
307.35 1221 34.9428
308.25 1214 34.8425
309.15 1241 35.2278
310.05 1231 35.0856
310.95 1257 35.4542
311.85 1274 35.6931
312.75 1218 34.8999
313.65 1225 35
314.55 1221 34.9428
315.45 1194 34.5543
316.35 1242 35.242
317.25 1276 35.7211
318.15 1219 34.9142
319.05 1252 35.3836
319.95 1201 34.6554
320.85 1269 35.623
321.75 1243 35.2562
322.65 1291 35.9305
323.55 1192 34.5254
324.45 1264 35.5528
325.35 1307 36.1525
326.25 1225 35
327.15 1185 34.4238
328.05 1213 34.8281
328.95 1224 34.9857
329.85 1212 34.8138
330.75 1222 34.9571
331.65 1249 35.3412
332.55 1209 34.7707
333.45 1218 34.8999
334.35 1248 35.327
335.25 1241 35.2278
336.15 1200 34.641
337.05 1237 35.171
337.95 1285 35.8469
338.85 1234 35.1283
339.75 1267 35.5949
340.65 1268 35.609
341.55 1214 34.8425
342.45 1254 35.4119
343.35 1223 34.9714
344.25 1270 35.6371
345.15 1222 34.9571
346.05 1219 34.9142
346.95 1252 35.3836
347.85 1234 35.1283
348.75 1243 35.2562
349.65 1249 35.3412
350.55 1261 35.5106
351.45 1216 34.8712
352.35 1253 35.3977
353.25 1220 34.9285
354.15 1217 34.8855
355.05 1207 34.7419
355.95 1228 35.0428
356.85 1222 34.9571
357.75 1260 35.4965
358.65 1253 35.3977
359.55 1247 35.3129
360.45 1214 34.8425
361.35 1272 35.6651
362.25 1204 34.6987
363.15 1294 35.9722
364.05 1278 35.7491
364.95 1201 34.6554
365.85 1246 35.2987
366.75 1286 35.8608
367.65 1314 36.2491
368.55 1281 35.7911
369.45 1296 36
370.35 1282 35.805
371.25 1257 35.4542
372.15 1318 36.3043
373.05 1241 35.2278
373.95 1250 35.3553
374.85 1212 34.8138
375.75 1247 35.3129
376.65 1293 35.9583
377.55 1232 35.0999
378.45 1272 35.6651
379.35 1317 36.2905
380.25 1315 36.2629
381.15 1282 35.805
382.05 1249 35.3412
382.95 1283 35.819
383.85 1296 36
384.75 1289 35.9026
385.65 1319 36.318
386.55 1258 35.4683
387.45 1273 35.6791
388.35 1315 36.2629
389.25 1287 35.8748
390.15 1330 36.4692
391.05 1313 36.2353
391.95 1301 36.0694
392.85 1264 35.5528
393.75 1335 36.5377
394.65 1305 36.1248
395.55 1395 37.3497
396.45 1288 35.8887
397.35 1283 35.819
398.25 1363 36.9188
399.15 1355 36.8103
400.05 1344 36.6606
400.95 1345 36.6742
401.85 1352 36.7696
402.75 1407 37.51
403.65 1409 37.5366
404.55 1324 36.3868
405.45 1399 37.4032
406.35 1350 36.7423
407.25 1293 35.9583
408.15 1291 35.9305
409.05 1444 38
409.95 1319 36.318
410.85 1335 36.5377
411.75 1423 37.7227
412.65 1355 36.8103
413.55 1380 37.1484
414.45 1392 37.3095
415.35 1415 37.6165
416.25 1366 36.9594
417.15 1432 37.8418
418.05 1428 37.7889
418.95 1366 36.9594
419.85 1389 37.2693
420.75 1434 37.8682
421.65 1391 37.2961
422.55 1416 37.6298
423.45 1392 37.3095
424.35 1366 36.9594
425.25 1466 38.2884
426.15 1421 37.6962
427.05 1411 37.5633
427.95 1453 38.1182
428.85 1462 38.2361
429.75 1451 38.092
430.65 1458 38.1838
431.55 1415 37.6165
432.45 1506 38.8072
433.35 1465 38.2753
434.25 1490 38.6005
435.15 1453 38.1182
436.05 1434 37.8682
436.95 1455 38.1445
437.85 1507 38.8201
438.75 1516 38.9358
439.65 1515 38.923
440.55 1474 38.3927
441.45 1509 38.8458
442.35 1448 38.0526
443.25 1586 39.8246
444.15 1593 39.9124
445.05 1545 39.3065
445.95 1474 38.3927
446.85 1515 38.923
447.75 1600 40
448.65 1538 39.2173
449.55 1630 40.3733
450.45 1549 39.3573
451.35 1516 38.9358
452.25 1657 40.7063
453.15 1632 40.398
454.05 1646 40.5709
454.95 1627 40.3361
455.85 1654 40.6694
456.75 1607 40.0874
457.65 1650 40.6202
458.55 1637 40.4599
459.45 1663 40.7799
460.35 1619 40.2368
461.25 1654 40.6694
462.15 1666 40.8167
463.05 1661 40.7554
463.95 1700 41.2311
464.85 1685 41.0488
465.75 1775 42.1307
466.65 1724 41.5211
467.55 1761 41.9643
468.45 1746 41.7852
469.35 1771 42.0833
470.25 1800 42.4264
471.15 1778 42.1663
472.05 1827 42.7434
472.95 1796 42.3792
473.85 1852 43.0349
474.75 1798 42.4028
475.65 1834 42.8252
476.55 1759 41.9404
477.45 1831 42.7902
478.35 1826 42.7317
479.25 1934 43.9773
480.15 1870 43.2435
481.05 1910 43.7035
481.95 1940 44.0454
482.85 1958 44.2493
483.75 1860 43.1277
484.65 1946 44.1135
485.55 1916 43.7721
486.45 1990 44.6094
487.35 1937 44.0114
488.25 2030 45.0555
489.15 1928 43.909
490.05 2065 45.4423
490.95 2100 45.8258
491.85 2020 44.9444
492.75 2073 45.5302
493.65 2046 45.2327
494.55 2164 46.5188
495.45 2038 45.1442
496.35 2121 46.0543
497.25 2104 45.8694
498.15 2210 47.0106
499.05 2159 46.465
499.95 2351 48.4871
500.85 2218 47.0956
501.75 2251 47.4447
502.65 2244 47.3709
503.55 2201 46.9148
504.45 2381 48.7955
505.35 2242 47.3498
506.25 2391 48.8979
507.15 2346 48.4355
508.05 2337 48.3425
508.95 2369 48.6724
509.85 2463 49.6286
510.75 2441 49.4065
511.65 2472 49.7192
512.55 2540 50.3984
513.45 2535 50.3488
514.35 2578 50.774
515.25 2543 50.4282
516.15 2508 50.0799
517.05 2598 50.9706
517.95 2564 50.636
518.85 2550 50.4975
519.75 2548 50.4777
520.65 2510 50.0999
521.55 2485 49.8498
522.45 2300 47.9583
523.35 1892 43.4971
524.25 1173 34.2491
525.15 721 26.8514
526.05 634 25.1794
526.95 554 23.5372
527.85 533 23.0868
528.75 477 21.8403
529.65 439 20.9523
530.55 433 20.8087
531.45 415 20.3715
532.35 398 19.9499
533.25 382 19.5448
534.15 363 19.0526
535.05 384 19.5959
535.95 382 19.5448
536.85 390 19.7484
537.75 381 19.5192
538.65 402 20.0499
539.55 377 19.4165
540.45 330 18.1659
541.35 333 18.2483
542.25 351 18.735
543.15 331 18.1934
544.05 335 18.303
544.95 360 18.9737
545.85 351 18.735
546.75 308 17.5499
547.65 335 18.303
548.55 313 17.6918
549.45 318 17.8326
550.35 331 18.1934
551.25 310 17.6068
552.15 328 18.1108
553.05 352 18.7617
553.95 332 18.2209
554.85 309 17.5784
555.75 304 17.4356
556.65 317 17.8045
557.55 316 17.7764
558.45 309 17.5784
559.35 302 17.3781
560.25 301 17.3494
561.15 288 16.9706
562.05 311 17.6352
562.95 285 16.8819
563.85 294 17.1464
564.75 280 16.7332
565.65 253 15.906
566.55 278 16.6733
567.45 258 16.0624
568.35 282 16.7929
569.25 290 17.0294
570.15 297 17.2337
571.05 264 16.2481
571.95 333 18.2483
572.85 275 16.5831
573.75 254 15.9374
574.65 275 16.5831
575.55 272 16.4924
576.45 277 16.6433
577.35 245 15.6525
578.25 270 16.4317
579.15 254 15.9374
580.05 264 16.2481
580.95 262 16.1864
581.85 242 15.5563
582.75 272 16.4924
583.65 272 16.4924
584.55 256 16
585.45 255 15.9687
586.35 242 15.5563
587.25 240 15.4919
588.15 261 16.1555
589.05 227 15.0665
589.95 237 15.3948
590.85 218 14.7648
591.75 244 15.6205
592.65 217 14.7309
593.55 202 14.2127
594.45 208 14.4222
595.35 198 14.0712
596.25 175 13.2288
597.15 169 13
598.05 167 12.9228
598.95 136 11.6619
599.85 136 11.6619
600.75 129 11.3578
601.65 106 10.2956
602.55 71 8.42615
603.45 84 9.16515
604.35 69 8.30662
605.25 57 7.54983
606.15 57 7.54983
607.05 54 7.34847
607.95 53 7.28011
608.85 60 7.74597
609.75 51 7.14143
610.65 40 6.32456
611.55 48 6.9282
612.45 54 7.34847
613.35 41 6.40312
614.25 42 6.48074
615.15 38 6.16441
616.05 47 6.85565
616.95 42 6.48074
617.85 43 6.55744
618.75 34 5.83095
619.65 40 6.32456
620.55 45 6.7082
621.45 42 6.48074
622.35 32 5.65685
623.25 33 5.74456
624.15 35 5.91608
625.05 42 6.48074
625.95 26 5.09902
626.85 23 4.79583
627.75 21 4.58258
628.65 23 4.79583
629.55 13 3.60555
630.45 19 4.3589
631.35 23 4.79583
632.25 16 4
633.15 11 3.31662
634.05 9 3
634.95 15 3.87298
635.85 13 3.60555
636.75 12 3.4641
637.65 9 3
638.55 9 3
639.45 5 2.23607
640.35 5 2.23607
641.25 7 2.64575
642.15 4 2
643.05 4 2
643.95 4 2
644.85 7 2.64575
645.75 1 1
646.65 3 1.73205
647.55 0 0
648.45 2 1.41421
649.35 0 0
650.25 1 1
651.15 1 1
652.05 3 1.73205
652.95 1 1
653.85 0 0
654.75 1 1
655.65 1 1
656.55 0 0
657.45 0 0
658.35 0 0
659.25 0 0
660.15 0 0
661.05 0 0
661.95 1 1
662.85 0 0
663.75 0 0
664.65 0 0
665.55 0 0
666.45 0 0
667.35 0 0
668.25 0 0
669.15 0 0
670.05 0 0
670.95 0 0
671.85 0 0
672.75 2 1.41421
673.65 0 0
674.55 0 0
675.45 0 0
676.35 0 0
677.25 0 0
678.15 0 0
679.05 0 0
679.95 0 0
680.85 0 0
681.75 0 0
682.65 0 0
683.55 0 0
684.45 0 0
685.35 1 1
686.25 0 0
687.15 0 0
688.05 0 0
688.95 0 0
689.85 0 0
690.75 0 0
691.65 1 1
692.55 0 0
693.45 0 0
694.35 0 0
695.25 1 1
696.15 0 0
697.05 0 0
697.95 0 0
698.85 0 0
699.75 0 0
700.65 0 0
701.55 0 0
702.45 0 0
703.35 0 0
704.25 0 0
705.15 0 0
706.05 0 0
706.95 0 0
707.85 0 0
708.75 0 0
709.65 0 0
710.55 0 0
711.45 74 8.60233
712.35 0 0
713.25 0 0
714.15 0 0
715.05 0 0
715.95 0 0
716.85 0 0
717.75 0 0
718.65 0 0
719.55 0 0
720.45 0 0
721.35 0 0
722.25 0 0
723.15 0 0
724.05 0 0
724.95 0 0
725.85 0 0
726.75 0 0
727.65 0 0
728.55 0 0
729.45 0 0
730.35 0 0
731.25 0 0
732.15 0 0
733.05 0 0
733.95 0 0
734.85 0 0
735.75 0 0
736.65 0 0
737.55 0 0
738.45 0 0
739.35 0 0
740.25 0 0
741.15 0 0
742.05 0 0
742.95 0 0
743.85 0 0
744.75 0 0
745.65 0 0
746.55 0 0
747.45 0 0
748.35 0 0
749.25 0 0
750.15 0 0
751.05 0 0
751.95 0 0
752.85 0 0
753.75 0 0
754.65 0 0
755.55 0 0
756.45 0 0
757.35 0 0
758.25 0 0
759.15 0 0
760.05 0 0
760.95 0 0
761.85 0 0
762.75 0 0
763.65 0 0
764.55 0 0
765.45 0 0
766.35 0 0
767.25 0 0
768.15 0 0
769.05 0 0
769.95 0 0
770.85 0 0
771.75 0 0
772.65 0 0
773.55 0 0
774.45 0 0
775.35 0 0
776.25 0 0
777.15 0 0
778.05 0 0
778.95 0 0
779.85 0 0
780.75 0 0
781.65 0 0
782.55 0 0
783.45 0 0
784.35 0 0
785.25 0 0
786.15 0 0
787.05 0 0
787.95 0 0
788.85 0 0
789.75 0 0
790.65 0 0
791.55 0 0
792.45 0 0
793.35 0 0
794.25 0 0
795.15 0 0
796.05 0 0
796.95 0 0
797.85 0 0
798.75 0 0
799.65 0 0
800.55 0 0
801.45 0 0
802.35 0 0
803.25 0 0
804.15 0 0
805.05 0 0
805.95 0 0
806.85 0 0
807.75 0 0
808.65 0 0
809.55 0 0
810.45 0 0
811.35 0 0
812.25 0 0
813.15 0 0
814.05 0 0
814.95 0 0
815.85 0 0
816.75 0 0
817.65 0 0
818.55 0 0
819.45 0 0
820.35 0 0
821.25 0 0
822.15 0 0
823.05 0 0
823.95 0 0
824.85 0 0
825.75 0 0
826.65 0 0
827.55 0 0
828.45 0 0
829.35 0 0
830.25 0 0
831.15 0 0
832.05 0 0
832.95 0 0
833.85 0 0
834.75 0 0
835.65 0 0
836.55 0 0
837.45 0 0
838.35 0 0
839.25 0 0
840.15 0 0
841.05 0 0
841.95 0 0
842.85 0 0
843.75 0 0
844.65 0 0
845.55 0 0
846.45 0 0
847.35 0 0
848.25 0 0
849.15 0 0
850.05 0 0
850.95 0 0
851.85 0 0
852.75 0 0
853.65 0 0
854.55 0 0
855.45 0 0
856.35 0 0
857.25 0 0
858.15 0 0
859.05 0 0
859.95 0 0
860.85 0 0
861.75 0 0
862.65 0 0
863.55 0 0
864.45 0 0
865.35 0 0
866.25 0 0
867.15 0 0
868.05 0 0
868.95 0 0
869.85 0 0
870.75 0 0
871.65 0 0
872.55 0 0
873.45 0 0
874.35 0 0
875.25 0 0
876.15 0 0
877.05 0 0
877.95 0 0
878.85 0 0
879.75 0 0
880.65 0 0
881.55 0 0
882.45 0 0
883.35 0 0
884.25 0 0
885.15 0 0
886.05 0 0
886.95 0 0
887.85 0 0
888.75 0 0
889.65 0 0
890.55 0 0
891.45 0 0
892.35 0 0
893.25 0 0
894.15 0 0
895.05 0 0
895.95 0 0
896.85 0 0
897.75 0 0
898.65 0 0
899.55 0 0
