0.45 9579.68
1.35 9518.71
2.25 8449.14
3.15 7725.16
4.05 7408.87
4.95 7536.63
5.85 7777.42
6.75 8299.39
7.65 7296.97
8.55 4536.85
9.45 4106.01
10.35 3363.26
11.25 3076.32
12.15 2932.28
13.05 2658.46
13.95 2556.78
14.85 2532.14
15.75 2496.49
16.65 2501.13
17.55 2517.63
18.45 2556.1
19.35 2180.59
20.25 1778.28
21.15 1690.93
22.05 1645.42
22.95 1608.75
23.85 1576.68
24.75 1572.19
25.65 1540.95
26.55 1473.93
27.45 1477.13
28.35 1477.32
29.25 1415.27
30.15 1442.97
31.05 1392.23
31.95 1359.15
32.85 1354.07
33.75 1325.74
34.65 1335.83
35.55 1312.25
36.45 1327.47
37.35 1271.2
38.25 1277.41
39.15 1266.42
40.05 1276.28
40.95 1303.01
41.85 1336.48
42.75 1261.32
43.65 1284.45
44.55 1246.5
45.45 1243.31
46.35 1204.28
47.25 1207.48
48.15 1238.2
49.05 5679.64
49.95 1236.7
50.85 1225.14
51.75 1222.28
52.65 1207.33
53.55 1246
54.45 1229
55.35 1846.42
56.25 1271.59
57.15 1219.85
58.05 1290.1
58.95 1280.14
59.85 1283.42
60.75 1302.67
61.65 1337.99
62.55 1360.41
63.45 1379.34
64.35 1352.51
65.25 1417.96
66.15 1388.96
67.05 1428.56
67.95 1477.1
68.85 1522.16
69.75 1522.38
70.65 1597.98
71.55 1644.25
72.45 1630.33
73.35 1662.65
74.25 1671.27
75.15 1683.53
76.05 1691.39
76.95 1496.73
77.85 923.11
78.75 700.231
79.65 669.436
80.55 1009.08
81.45 616.6
82.35 592.826
83.25 583.775
84.15 578.766
85.05 573.135
85.95 549.723
86.85 540.729
87.75 553.209
88.65 536.766
89.55 549.267
90.45 529.658
91.35 530.014
92.25 532.23
93.15 525.097
94.05 511.232
94.95 515.233
95.85 516.82
96.75 509.724
97.65 508.906
98.55 503.234
99.45 510.02
100.35 506.479
101.25 505.04
102.15 496.804
103.05 493.027
103.95 486.735
104.85 469.86
105.75 462.924
106.65 451.325
107.55 447.221
108.45 438.933
109.35 419.635
110.25 408.331
111.15 420.522
112.05 414.839
112.95 416.095
113.85 411.135
114.75 420.323
115.65 409.747
116.55 404.825
117.45 404.562
118.35 412.738
119.25 412.953
120.15 412.085
121.05 414.883
121.95 417.53
122.85 414.437
123.75 421.538
124.65 430.522
125.55 422.108
126.45 418.287
127.35 416.899
128.25 419.752
129.15 437.328
130.05 429.117
130.95 437.683
131.85 439.415
132.75 443.199
133.65 438.622
134.55 440.603
135.45 453.64
136.35 453.636
137.25 464.392
138.15 469.209
139.05 468.239
139.95 454.304
140.85 468.332
141.75 475.835
142.65 480.416
143.55 477.169
144.45 481.071
145.35 476.557
146.25 434.975
147.15 332.225
148.05 283.66
148.95 270.543
149.85 261.44
150.75 265.476
151.65 254.178
152.55 256.12
153.45 252.455
154.35 249.52
155.25 244.082
156.15 250.432
157.05 248.782
157.95 242.247
158.85 243.823
159.75 248.14
160.65 246.402
161.55 243.457
162.45 244.064
163.35 238.327
164.25 243.39
165.15 243.377
166.05 238.229
166.95 235.427
167.85 240.883
168.75 234.874
169.65 244.181
170.55 232.708
171.45 234.646
172.35 232.93
173.25 238.684
174.15 234.478
175.05 233.45
175.95 233.217
176.85 232.86
177.75 231.978
178.65 228.492
179.55 231.875
180.45 222.699
181.35 231.929
182.25 233.708
183.15 222.833
184.05 393.476
184.95 230.748
185.85 224.806
186.75 220.355
187.65 223.495
188.55 221.394
189.45 219.774
190.35 222.085
191.25 214.935
192.15 216.956
193.05 212.387
193.95 206.904
194.85 211.443
195.75 205.918
196.65 208.641
197.55 207.833
198.45 207.844
199.35 208.539
200.25 205.337
201.15 211.963
202.05 211.688
202.95 210.608
203.85 209.029
204.75 208.139
205.65 210.025
206.55 209.335
207.45 211.399
208.35 203.022
209.25 206.885
210.15 208.697
211.05 209.328
211.95 209.09
212.85 204.487
213.75 206.627
214.65 207.313
215.55 210.51
216.45 209.324
217.35 209.482
218.25 206.507
219.15 206.216
220.05 206.487
220.95 207.387
221.85 210.487
222.75 208.693
223.65 207.96
224.55 208.999
225.45 208.237
226.35 205.867
227.25 208.576
228.15 210.906
229.05 212.231
229.95 209.274
230.85 208.292
231.75 210.418
232.65 214.063
233.55 217.501
234.45 215.187
235.35 212.836
236.25 212.35
237.15 213.561
238.05 217.444
238.95 214.454
239.85 215.73
240.75 210.712
241.65 218.291
242.55 214.889
243.45 216.975
244.35 217.918
245.25 216.361
246.15 217.785
247.05 215.096
247.95 217.226
248.85 217.528
249.75 219.168
250.65 221.994
251.55 219.158
252.45 212.88
253.35 199.556
254.25 181.787
255.15 179.333
256.05 178.116
256.95 174.003
257.85 171.232
258.75 173.019
259.65 167.709
260.55 167.713
261.45 171.02
262.35 172.385
263.25 168.73
264.15 169.481
265.05 167.778
265.95 169.121
266.85 167.976
267.75 170.387
268.65 169.608
269.55 168.338
270.45 166.823
271.35 167.727
272.25 170.381
273.15 167.499
274.05 167.264
274.95 166.613
275.85 166.318
276.75 166.743
277.65 166.522
278.55 167.624
279.45 166.532
280.35 185.028
281.25 165.553
282.15 165.723
283.05 165.838
283.95 166.615
284.85 169.136
285.75 166.613
286.65 168.639
287.55 169.769
288.45 169.771
289.35 164.652
290.25 167.962
291.15 166.499
292.05 167.018
292.95 162.462
293.85 166.94
294.75 165.434
295.65 166.367
296.55 167.345
297.45 163.702
298.35 166.54
299.25 169.18
300.15 168.188
301.05 165.572
301.95 169.543
302.85 166.157
303.75 166.062
304.65 164.2
305.55 166.26
306.45 164.334
307.35 163.36
308.25 162.729
309.15 165.151
310.05 165.069
310.95 167.26
311.85 168.091
312.75 162.12
313.65 162.35
314.55 162.363
315.45 161.291
316.35 163.608
317.25 165.495
318.15 162.831
319.05 166.438
319.95 162.152
320.85 167.302
321.75 165.939
322.65 166.604
323.55 165.012
324.45 166.067
325.35 171.123
326.25 163.872
327.15 163.956
328.05 161.092
328.95 167.955
329.85 163.721
330.75 167.828
331.65 168.557
332.55 165.395
333.45 166.802
334.35 166.031
335.25 166.778
336.15 165.735
337.05 168.493
337.95 169.218
338.85 169.231
339.75 170.924
340.65 173.776
341.55 166.065
342.45 173.654
343.35 167.424
344.25 172.844
345.15 171.797
346.05 171.985
346.95 172.82
347.85 171.811
348.75 172.252
349.65 173.609
350.55 175.696
351.45 170.012
352.35 176.015
353.25 172.306
354.15 170.858
355.05 170.72
355.95 170.34
356.85 165.645
357.75 158.064
358.65 150.999
359.55 148.453
360.45 146.231
361.35 152.099
362.25 146.206
363.15 148.521
364.05 148.625
364.95 147.405
365.85 146.655
366.75 150.445
367.65 151.072
368.55 149.66
369.45 148.555
370.35 148.871
371.25 149.062
372.15 154.517
373.05 148.264
373.95 148.985
374.85 146.237
375.75 148.991
376.65 151.558
377.55 148.266
378.45 149.208
379.35 152.847
380.25 153.979
381.15 150.37
382.05 151.873
382.95 149.622
383.85 150.971
384.75 152.376
385.65 153.099
386.55 150.855
387.45 152.115
388.35 153.059
389.25 152.767
390.15 154.408
391.05 152.307
391.95 151.304
392.85 149.732
393.75 153.472
394.65 146.838
395.55 145.161
396.45 139.89
397.35 139.145
398.25 142.862
399.15 141.704
400.05 141.222
400.95 141.89
401.85 140.622
402.75 144.401
403.65 145.89
404.55 139.691
405.45 142.822
406.35 142.374
407.25 140.264
408.15 139.94
409.05 147.23
409.95 139.679
410.85 144.764
411.75 144.649
412.65 142.367
413.55 142.213
414.45 142.853
415.35 145.025
416.25 143.94
417.15 145.484
418.05 143.542
418.95 143.089
419.85 143.42
420.75 144.018
421.65 143.231
422.55 143.592
423.45 141.916
424.35 141.657
425.25 145.655
426.15 144.836
427.05 142.097
427.95 145.711
428.85 145.726
429.75 146.1
430.65 147.509
431.55 144.616
432.45 149.148
433.35 147.432
434.25 147.511
435.15 146.171
436.05 145.648
436.95 147.154
437.85 148.495
438.75 149.888
439.65 149.543
440.55 148.989
441.45 150.849
442.35 147.407
443.25 153.061
444.15 152.933
445.05 151.229
445.95 150.054
446.85 150.833
447.75 155.288
448.65 151.908
449.55 156.182
450.45 154.502
451.35 151.747
452.25 157.638
453.15 155.285
454.05 156.165
454.95 156.93
455.85 157.399
456.75 155.608
457.65 154.866
458.55 156.87
459.45 158.722
460.35 159.342
461.25 157.356
462.15 160.081
463.05 159.477
463.95 161.112
464.85 160.147
465.75 165.103
466.65 163.235
467.55 164.044
468.45 164.291
469.35 163.152
470.25 165.872
471.15 166.693
472.05 166.799
472.95 166.675
473.85 169.063
474.75 166.911
475.65 169.748
476.55 165.852
477.45 170.222
478.35 171.354
479.25 176.361
480.15 172.145
481.05 173.944
481.95 176.559
482.85 177.656
483.75 172.604
484.65 174.738
485.55 169.727
486.45 171.551
487.35 167.415
488.25 172.404
489.15 167.892
490.05 173.182
490.95 174.477
491.85 170.909
492.75 175.129
493.65 173.752
494.55 178.841
495.45 172.231
496.35 177.61
497.25 178.484
498.15 182.73
499.05 178.928
499.95 187.729
500.85 183.217
501.75 184.294
502.65 182.98
503.55 179.831
504.45 192.144
505.35 186.238
506.25 192.919
507.15 190.166
508.05 189.397
508.95 190.477
509.85 196.168
510.75 197.145
511.65 197.648
512.55 202.47
513.45 199.864
514.35 201.578
515.25 201.437
516.15 200.347
517.05 205.112
517.95 203.503
518.85 204.662
519.75 203.434
520.65 201.566
521.55 202.734
522.45 191.945
523.35 173.156
524.25 143.11
525.15 122.97
526.05 118.743
526.95 112.573
527.85 112.616
528.75 113.182
529.65 112.642
530.55 108.954
531.45 108.944
532.35 109.777
533.25 110.655
534.15 108.332
535.05 108.928
535.95 113.142
536.85 111.437
537.75 109.837
538.65 114.3
539.55 111.981
540.45 110.418
541.35 111.172
542.25 112.316
543.15 111.677
544.05 112.715
544.95 113.329
545.85 116.569
546.75 112.311
547.65 115.312
548.55 115.96
549.45 114.607
550.35 116.119
551.25 114.841
552.15 118.211
553.05 117.267
553.95 115.622
554.85 116.003
555.75 119.347
556.65 117.811
557.55 117.505
558.45 120.121
559.35 121.187
560.25 117.655
561.15 112.441
562.05 108.088
562.95 101.983
563.85 101.823
564.75 101.826
565.65 100.684
566.55 101.795
567.45 102.318
568.35 103.89
569.25 103.409
570.15 101.932
571.05 102.342
571.95 106.821
572.85 101.82
573.75 101.505
574.65 104.905
575.55 105.135
576.45 103.738
577.35 105.888
578.25 105.872
579.15 105.507
580.05 106.262
580.95 107.88
581.85 106.747
582.75 112.042
583.65 110.729
584.55 111.206
585.45 111.476
586.35 111.809
587.25 111.224
588.15 112.155
589.05 109.969
589.95 113.027
590.85 113.948
591.75 115.043
592.65 112.468
593.55 111.709
594.45 116.281
595.35 114.259
596.25 114.465
597.15 111.617
598.05 114.571
598.95 113.9
599.85 117.212
600.75 118.8
601.65 114.415
602.55 113.868
603.45 118.42
604.35 117.609
605.25 117.65
606.15 117.007
607.05 119.49
607.95 118.104
608.85 118.885
609.75 121.049
610.65 118.362
611.55 116.573
612.45 119.878
613.35 115.415
614.25 116.466
615.15 107.435
616.05 80.8518
616.95 55.4804
617.85 46.4722
618.75 41.8611
619.65 39.8216
620.55 39.8893
621.45 39.5737
622.35 36.2452
623.25 37.0207
624.15 35.9566
625.05 37.2764
625.95 35.6187
626.85 33.7043
627.75 33.3796
628.65 34.611
629.55 33.1643
630.45 33.9242
631.35 33.7165
632.25 32.0388
633.15 32.2551
634.05 29.5068
634.95 27.7778
635.85 22.2284
636.75 20.7199
637.65 19.2321
638.55 18.5824
639.45 18.293
640.35 17.4608
641.25 16.5759
642.15 16.3215
643.05 16.9027
643.95 16.95
644.85 16.1678
645.75 15.4634
646.65 15.5641
647.55 15.9064
648.45 14.7744
649.35 15.408
650.25 14.4525
651.15 14.3279
652.05 15.4029
652.95 15.1793
653.85 14.0255
654.75 15.3716
655.65 13.5262
656.55 13.424
657.45 13.6866
658.35 15.1308
659.25 14.0448
660.15 14.0183
661.05 13.8658
661.95 14.641
662.85 13.124
663.75 12.9874
664.65 14.0263
665.55 13.8663
666.45 13.5637
667.35 13.2227
668.25 13.5158
669.15 13.2908
670.05 13.5593
670.95 14.2299
671.85 13.3126
672.75 13.3052
673.65 12.7889
674.55 12.7417
675.45 12.8208
676.35 12.55
677.25 12.0274
678.15 11.8443
679.05 12.6187
679.95 12.7951
680.85 11.794
681.75 11.2796
682.65 11.7503
683.55 11.1669
684.45 11.0956
685.35 11.0295
686.25 12.0135
687.15 10.915
688.05 10.0047
688.95 10.2321
689.85 9.55955
690.75 9.96748
691.65 9.14527
692.55 8.38433
693.45 8.49504
694.35 7.74235
695.25 8.05618
696.15 7.13118
697.05 6.6987
697.95 5.94078
698.85 5.59786
699.75 4.57576
700.65 4.62208
701.55 4.26066
702.45 4.18984
703.35 4.06758
704.25 4.11438
705.15 3.47452
706.05 3.52842
706.95 3.14736
707.85 3.62154
708.75 3.3465
709.65 3.2268
710.55 3.1947
711.45 6.12318
712.35 3.08706
713.25 3.00096
714.15 3.00444
715.05 2.43126
715.95 2.41044
716.85 2.33568
717.75 1.90812
718.65 1.94958
719.55 1.87162
720.45 1.59174
721.35 1.5327
722.25 1.2762
723.15 1.5642
724.05 1.33338
724.95 1.2063
725.85 0.9558
726.75 1.04724
727.65 1.18686
728.55 0.8778
729.45 0.9366
730.35 0.79536
731.25 0.65208
732.15 0.77292
733.05 0.71574
733.95 0.5553
734.85 0.62454
735.75 0.35598
736.65 0.5067
737.55 0.47106
738.45 0.38586
739.35 0.55092
740.25 0.42984
741.15 0.34998
742.05 0.41364
742.95 0.31896
743.85 0.3384
744.75 0.30762
745.65 0.20484
746.55 0.2016
747.45 0.22638
748.35 0.23148
749.25 0.09882
750.15 0.11064
751.05 0.08934
751.95 0.858851
752.85 0.12546
753.75 0.0699
754.65 0.06828
755.55 0.03888
756.45 0.03888
757.35 0.05208
758.25 0.03402
759.15 0.05694
760.05 0.05208
760.95 0.02106
761.85 0.04236
762.75 0.02916
763.65 0.01782
764.55 0.0162
765.45 0.04398
766.35 0.03912
767.25 0.01296
768.15 0.0081
769.05 0.01134
769.95 0.00324
770.85 0.03588
771.75 0.0081
772.65 0.0294
773.55 0.00162
774.45 0.0081
775.35 0.00648
776.25 0.00324
777.15 0.00324
778.05 0.00324
778.95 0
779.85 0
780.75 0
781.65 0.00162
782.55 0
783.45 0
784.35 0.00162
785.25 0.02454
786.15 0
787.05 0
787.95 0
788.85 0
789.75 0
790.65 0
791.55 0
792.45 0
793.35 0
794.25 0.00162
795.15 0
796.05 0
796.95 0.02454
797.85 0
798.75 0
799.65 0
800.55 0
801.45 0
802.35 0
803.25 0
804.15 0
805.05 0
805.95 0
806.85 0.02292
807.75 0
808.65 0
809.55 0
810.45 2.77494
811.35 0
812.25 0
813.15 0
814.05 0
814.95 0.00162
815.85 0
816.75 0
817.65 0
818.55 0
819.45 0
820.35 0
821.25 0
822.15 0.00162
823.05 0
823.95 0
824.85 0
825.75 0
826.65 0
827.55 0
828.45 0
829.35 0
830.25 0.4293
831.15 0
832.05 0
832.95 0
833.85 0
834.75 0
835.65 0
836.55 0
837.45 0
838.35 0
839.25 0
840.15 0
841.05 0
841.95 0
842.85 0
843.75 0
844.65 0
845.55 0
846.45 0
847.35 0
848.25 0
849.15 0
850.05 0
850.95 0
851.85 0
852.75 0
853.65 0
854.55 0
855.45 0
856.35 0
857.25 0
858.15 0
859.05 0
859.95 0
860.85 0
861.75 0
862.65 0
863.55 0
864.45 0
865.35 0
866.25 0
867.15 0
868.05 0
868.95 0
869.85 0
870.75 0
871.65 0
872.55 0
873.45 0
874.35 0
875.25 0
876.15 0
877.05 0
877.95 0
878.85 0
879.75 0
880.65 0
881.55 0
882.45 0
883.35 0
884.25 0
885.15 0
886.05 0
886.95 0
887.85 0
888.75 0
889.65 0
890.55 0
891.45 0
892.35 0
893.25 0
894.15 0
895.05 0
895.95 0
896.85 0
897.75 0
898.65 0
899.55 0
